0.0000 0.2430 0.7572 0.1000 0.1000
0.0000 0.4667 0.7572 0.1000 0.1000
0.0000 0.6904 0.7572 0.1000 0.1000
0.0000 0.9142 0.7572 0.1000 0.1000
1.0000 0.2208 0.7363 0.1000 0.1000
1.0000 0.2208 0.5713 0.1000 0.1000
1.0000 0.2208 0.4064 0.1000 0.1000
1.0000 0.2208 0.2415 0.1000 0.1000
10.0000 0.7597 0.4969 0.0500 0.0500
10.0000 0.4633 0.2787 0.0500 0.0500
10.0000 0.4081 0.6279 0.0500 0.0500
10.0000 0.7333 0.3685 0.0500 0.0500
10.0000 0.5970 0.5103 0.0500 0.0500
10.0000 0.5829 0.1887 0.0500 0.0500
10.0000 0.8412 0.1984 0.0500 0.0500
10.0000 0.5497 0.2891 0.0500 0.0500
10.0000 0.9190 0.2824 0.0500 0.0500
10.0000 0.4563 0.1829 0.0500 0.0500
10.0000 0.5573 0.3849 0.0500 0.0500
10.0000 0.6009 0.5865 0.0500 0.0500
10.0000 0.4314 0.5111 0.0500 0.0500
10.0000 0.2540 0.7298 0.0500 0.0500
10.0000 0.6737 0.3335 0.0500 0.0500
10.0000 0.8146 0.2664 0.0500 0.0500
10.0000 0.5354 0.5933 0.0500 0.0500
10.0000 0.6369 0.6192 0.0500 0.0500
10.0000 0.7078 0.2246 0.0500 0.0500
10.0000 0.8435 0.6147 0.0500 0.0500
10.0000 0.7858 0.2030 0.0500 0.0500
10.0000 0.9039 0.5057 0.0500 0.0500
10.0000 0.5095 0.4861 0.0500 0.0500
10.0000 0.7949 0.2342 0.0500 0.0500
10.0000 0.7757 0.5421 0.0500 0.0500
10.0000 0.4640 0.3821 0.0500 0.0500
