0.0000 0.3701 0.8072 0.1000 0.1000
0.0000 0.6258 0.8072 0.1000 0.1000
0.0000 0.8816 0.8072 0.1000 0.1000
1.0000 0.1708 0.7349 0.1000 0.1000
1.0000 0.1708 0.6020 0.1000 0.1000
1.0000 0.1708 0.4691 0.1000 0.1000
1.0000 0.1708 0.3362 0.1000 0.1000
1.0000 0.1708 0.2033 0.1000 0.1000
8.0000 0.2541 0.3287 0.0500 0.0500
8.0000 0.6280 0.3763 0.0500 0.0500
8.0000 0.7825 0.6873 0.0500 0.0500
8.0000 0.4430 0.5533 0.0500 0.0500
8.0000 0.8220 0.2099 0.0500 0.0500
8.0000 0.9198 0.6951 0.0500 0.0500
8.0000 0.8329 0.2810 0.0500 0.0500
8.0000 0.3041 0.7298 0.0500 0.0500
8.0000 0.5596 0.1829 0.0500 0.0500
8.0000 0.6505 0.2408 0.0500 0.0500
8.0000 0.7109 0.6412 0.0500 0.0500
8.0000 0.8145 0.4863 0.0500 0.0500
8.0000 0.6026 0.3316 0.0500 0.0500
8.0000 0.7077 0.5279 0.0500 0.0500
8.0000 0.6014 0.4388 0.0500 0.0500
8.0000 0.4183 0.4709 0.0500 0.0500
8.0000 0.7874 0.4109 0.0500 0.0500
