0.0000 0.3576 0.8072 0.1000 0.1000
0.0000 0.5383 0.8072 0.1000 0.1000
0.0000 0.7191 0.8072 0.1000 0.1000
0.0000 0.8998 0.8072 0.1000 0.1000
1.0000 0.1434 0.7319 0.1000 0.1000
1.0000 0.1434 0.5270 0.1000 0.1000
1.0000 0.1434 0.3222 0.1000 0.1000
9.0000 0.3848 0.3498 0.0500 0.0500
9.0000 0.2651 0.2290 0.0500 0.0500
9.0000 0.2828 0.4379 0.0500 0.0500
9.0000 0.6855 0.2106 0.0500 0.0500
9.0000 0.8979 0.4738 0.0500 0.0500
9.0000 0.7126 0.2413 0.0500 0.0500
9.0000 0.6012 0.6919 0.0500 0.0500
9.0000 0.2931 0.4891 0.0500 0.0500
9.0000 0.2696 0.3171 0.0500 0.0500
9.0000 0.6366 0.5434 0.0500 0.0500
9.0000 0.8297 0.7206 0.0500 0.0500
9.0000 0.7274 0.3263 0.0500 0.0500
9.0000 0.3787 0.5147 0.0500 0.0500
9.0000 0.7191 0.7298 0.0500 0.0500
9.0000 0.3448 0.2362 0.0500 0.0500
9.0000 0.6796 0.1829 0.0500 0.0500
9.0000 0.5554 0.2802 0.0500 0.0500
9.0000 0.6362 0.6520 0.0500 0.0500
9.0000 0.3581 0.4543 0.0500 0.0500
9.0000 0.5281 0.4123 0.0500 0.0500
9.0000 0.2926 0.5363 0.0500 0.0500
9.0000 0.6103 0.2546 0.0500 0.0500
9.0000 0.4899 0.2515 0.0500 0.0500
9.0000 0.6014 0.2362 0.0500 0.0500
9.0000 0.6450 0.3150 0.0500 0.0500
9.0000 0.5897 0.4451 0.0500 0.0500
9.0000 0.3199 0.3847 0.0500 0.0500
9.0000 0.4273 0.2935 0.0500 0.0500
9.0000 0.2425 0.4400 0.0500 0.0500
9.0000 0.3904 0.5434 0.0500 0.0500
9.0000 0.6139 0.2106 0.0500 0.0500
9.0000 0.6784 0.3212 0.0500 0.0500
9.0000 0.2270 0.5752 0.0500 0.0500
