0.0000 0.2475 0.7572 0.1000 0.1000
0.0000 0.5144 0.7572 0.1000 0.1000
0.0000 0.7813 0.7572 0.1000 0.1000
1.0000 0.2208 0.6312 0.1000 0.1000
1.0000 0.2208 0.4807 0.1000 0.1000
1.0000 0.2208 0.3302 0.1000 0.1000
1.0000 0.2208 0.1797 0.1000 0.1000
9.0000 0.9198 0.6814 0.0500 0.0500
9.0000 0.7509 0.6859 0.0500 0.0500
9.0000 0.8069 0.6641 0.0500 0.0500
9.0000 0.5160 0.7112 0.0500 0.0500
9.0000 0.6776 0.6910 0.0500 0.0500
9.0000 0.6792 0.2070 0.0500 0.0500
9.0000 0.2541 0.2993 0.0500 0.0500
9.0000 0.8661 0.1829 0.0500 0.0500
9.0000 0.8355 0.7298 0.0500 0.0500
9.0000 0.3891 0.4076 0.0500 0.0500
9.0000 0.4103 0.2098 0.0500 0.0500
9.0000 0.4876 0.4071 0.0500 0.0500
9.0000 0.3780 0.6857 0.0500 0.0500
9.0000 0.7979 0.6069 0.0500 0.0500
9.0000 0.4093 0.5131 0.0500 0.0500
9.0000 0.4569 0.6826 0.0500 0.0500
9.0000 0.8332 0.3566 0.0500 0.0500
9.0000 0.8382 0.1950 0.0500 0.0500
9.0000 0.8438 0.3060 0.0500 0.0500
