0.0000 0.2209 0.7572 0.1000 0.1000
0.0000 0.4161 0.7572 0.1000 0.1000
0.0000 0.6114 0.7572 0.1000 0.1000
0.0000 0.8066 0.7572 0.1000 0.1000
1.0000 0.2208 0.7504 0.1000 0.1000
1.0000 0.2208 0.5548 0.1000 0.1000
1.0000 0.2208 0.3593 0.1000 0.1000
1.0000 0.2208 0.1637 0.1000 0.1000
2.0000 0.3556 0.7220 0.0500 0.0500
2.0000 0.3829 0.1829 0.0500 0.0500
2.0000 0.3087 0.4269 0.0500 0.0500
2.0000 0.8066 0.7298 0.0500 0.0500
2.0000 0.3556 0.1944 0.0500 0.0500
2.0000 0.2541 0.5677 0.0500 0.0500
2.0000 0.3536 0.4254 0.0500 0.0500
2.0000 0.6836 0.7130 0.0500 0.0500
2.0000 0.8086 0.4823 0.0500 0.0500
2.0000 0.9198 0.3626 0.0500 0.0500
2.0000 0.4415 0.4226 0.0500 0.0500
2.0000 0.6914 0.7030 0.0500 0.0500
