0.0000 0.2361 0.7572 0.1000 0.1000
0.0000 0.4056 0.7572 0.1000 0.1000
0.0000 0.5750 0.7572 0.1000 0.1000
0.0000 0.7445 0.7572 0.1000 0.1000
0.0000 0.9139 0.7572 0.1000 0.1000
1.0000 0.2208 0.5713 0.1000 0.1000
1.0000 0.2208 0.3701 0.1000 0.1000
1.0000 0.2208 0.1688 0.1000 0.1000
17.0000 0.8262 0.2684 0.0500 0.0500
17.0000 0.4551 0.4431 0.0500 0.0500
17.0000 0.5926 0.2859 0.0500 0.0500
17.0000 0.6059 0.7298 0.0500 0.0500
17.0000 0.6544 0.4294 0.0500 0.0500
17.0000 0.2534 0.4405 0.0500 0.0500
17.0000 0.3958 0.4424 0.0500 0.0500
17.0000 0.5818 0.4328 0.0500 0.0500
17.0000 0.6947 0.4450 0.0500 0.0500
17.0000 0.5810 0.2721 0.0500 0.0500
17.0000 0.3733 0.6269 0.0500 0.0500
17.0000 0.4351 0.1913 0.0500 0.0500
17.0000 0.9063 0.2017 0.0500 0.0500
17.0000 0.8786 0.5291 0.0500 0.0500
17.0000 0.8841 0.1887 0.0500 0.0500
17.0000 0.7870 0.4684 0.0500 0.0500
17.0000 0.7556 0.3676 0.0500 0.0500
17.0000 0.6126 0.5662 0.0500 0.0500
17.0000 0.2935 0.2030 0.0500 0.0500
17.0000 0.4423 0.1829 0.0500 0.0500
17.0000 0.8593 0.3611 0.0500 0.0500
17.0000 0.8183 0.4734 0.0500 0.0500
17.0000 0.3677 0.5574 0.0500 0.0500
