0.0000 0.2372 0.8072 0.1000 0.1000
0.0000 0.3892 0.8072 0.1000 0.1000
0.0000 0.5413 0.8072 0.1000 0.1000
0.0000 0.6933 0.8072 0.1000 0.1000
0.0000 0.8453 0.8072 0.1000 0.1000
1.0000 0.1708 0.7413 0.1000 0.1000
1.0000 0.1708 0.5849 0.1000 0.1000
1.0000 0.1708 0.4286 0.1000 0.1000
1.0000 0.1708 0.2722 0.1000 0.1000
2.0000 0.7039 0.4114 0.0500 0.0500
2.0000 0.9198 0.3924 0.0500 0.0500
2.0000 0.8385 0.6051 0.0500 0.0500
2.0000 0.5682 0.5767 0.0500 0.0500
2.0000 0.2541 0.7000 0.0500 0.0500
2.0000 0.6491 0.5826 0.0500 0.0500
2.0000 0.4406 0.6670 0.0500 0.0500
2.0000 0.4654 0.4321 0.0500 0.0500
2.0000 0.8163 0.2234 0.0500 0.0500
2.0000 0.4909 0.5162 0.0500 0.0500
2.0000 0.7115 0.2787 0.0500 0.0500
2.0000 0.4525 0.4479 0.0500 0.0500
2.0000 0.7555 0.6686 0.0500 0.0500
2.0000 0.5594 0.2653 0.0500 0.0500
2.0000 0.7111 0.1829 0.0500 0.0500
2.0000 0.3378 0.2735 0.0500 0.0500
2.0000 0.8577 0.4118 0.0500 0.0500
2.0000 0.8508 0.7298 0.0500 0.0500
2.0000 0.3990 0.1962 0.0500 0.0500
2.0000 0.4458 0.4221 0.0500 0.0500
