0.0000 0.4313 0.7572 0.1000 0.1000
0.0000 0.6997 0.7572 0.1000 0.1000
1.0000 0.2208 0.7353 0.1000 0.1000
1.0000 0.2208 0.5925 0.1000 0.1000
1.0000 0.2208 0.4497 0.1000 0.1000
1.0000 0.2208 0.3068 0.1000 0.1000
1.0000 0.2208 0.1640 0.1000 0.1000
9.0000 0.2890 0.3095 0.0500 0.0500
9.0000 0.6796 0.7298 0.0500 0.0500
9.0000 0.7574 0.6488 0.0500 0.0500
9.0000 0.3440 0.3698 0.0500 0.0500
9.0000 0.9198 0.2421 0.0500 0.0500
9.0000 0.6527 0.1829 0.0500 0.0500
9.0000 0.2541 0.5372 0.0500 0.0500
9.0000 0.3937 0.4751 0.0500 0.0500
9.0000 0.5427 0.4051 0.0500 0.0500
9.0000 0.4487 0.4904 0.0500 0.0500
9.0000 0.3373 0.5165 0.0500 0.0500
9.0000 0.5588 0.7151 0.0500 0.0500
9.0000 0.8084 0.6667 0.0500 0.0500
