0.0000 0.2466 0.8072 0.1000 0.1000
0.0000 0.4254 0.8072 0.1000 0.1000
0.0000 0.6043 0.8072 0.1000 0.1000
0.0000 0.7832 0.8072 0.1000 0.1000
1.0000 0.1708 0.7378 0.1000 0.1000
1.0000 0.1708 0.5232 0.1000 0.1000
1.0000 0.1708 0.3086 0.1000 0.1000
7.0000 0.5578 0.4860 0.0500 0.0500
7.0000 0.5535 0.7298 0.0500 0.0500
7.0000 0.9148 0.6146 0.0500 0.0500
7.0000 0.2541 0.6812 0.0500 0.0500
7.0000 0.3786 0.6125 0.0500 0.0500
7.0000 0.7159 0.4592 0.0500 0.0500
7.0000 0.5614 0.3505 0.0500 0.0500
7.0000 0.4122 0.1829 0.0500 0.0500
7.0000 0.3682 0.3840 0.0500 0.0500
7.0000 0.5918 0.5590 0.0500 0.0500
7.0000 0.4415 0.2616 0.0500 0.0500
7.0000 0.6079 0.3072 0.0500 0.0500
7.0000 0.5342 0.2391 0.0500 0.0500
7.0000 0.4998 0.4045 0.0500 0.0500
7.0000 0.3235 0.4013 0.0500 0.0500
7.0000 0.3224 0.4803 0.0500 0.0500
7.0000 0.3478 0.4384 0.0500 0.0500
7.0000 0.2627 0.2756 0.0500 0.0500
7.0000 0.6208 0.4241 0.0500 0.0500
7.0000 0.2938 0.5569 0.0500 0.0500
7.0000 0.9198 0.3941 0.0500 0.0500
7.0000 0.4516 0.7061 0.0500 0.0500
7.0000 0.4916 0.3899 0.0500 0.0500
7.0000 0.7295 0.2871 0.0500 0.0500
7.0000 0.5224 0.1922 0.0500 0.0500
7.0000 0.4304 0.2564 0.0500 0.0500
7.0000 0.7123 0.6928 0.0500 0.0500
7.0000 0.8043 0.2984 0.0500 0.0500
