0.0000 0.4118 0.7572 0.1000 0.1000
0.0000 0.6171 0.7572 0.1000 0.1000
0.0000 0.8225 0.7572 0.1000 0.1000
1.0000 0.2208 0.5906 0.1000 0.1000
1.0000 0.2208 0.4156 0.1000 0.1000
1.0000 0.2208 0.2406 0.1000 0.1000
18.0000 0.9198 0.5718 0.0500 0.0500
18.0000 0.3165 0.1829 0.0500 0.0500
18.0000 0.6336 0.5082 0.0500 0.0500
18.0000 0.7568 0.2816 0.0500 0.0500
18.0000 0.8625 0.6430 0.0500 0.0500
18.0000 0.7118 0.3801 0.0500 0.0500
18.0000 0.8580 0.7298 0.0500 0.0500
18.0000 0.5888 0.2758 0.0500 0.0500
18.0000 0.2541 0.5104 0.0500 0.0500
18.0000 0.4785 0.7176 0.0500 0.0500
18.0000 0.3734 0.5284 0.0500 0.0500
18.0000 0.4003 0.4236 0.0500 0.0500
18.0000 0.8554 0.5701 0.0500 0.0500
18.0000 0.4948 0.2203 0.0500 0.0500
