0.0000 0.2299 0.7572 0.1000 0.1000
0.0000 0.3774 0.7572 0.1000 0.1000
0.0000 0.5249 0.7572 0.1000 0.1000
0.0000 0.6724 0.7572 0.1000 0.1000
0.0000 0.8198 0.7572 0.1000 0.1000
1.0000 0.2208 0.7492 0.1000 0.1000
1.0000 0.2208 0.5678 0.1000 0.1000
1.0000 0.2208 0.3863 0.1000 0.1000
1.0000 0.2208 0.2049 0.1000 0.1000
12.0000 0.5201 0.6787 0.0500 0.0500
12.0000 0.9198 0.2775 0.0500 0.0500
12.0000 0.2541 0.5456 0.0500 0.0500
12.0000 0.8956 0.7153 0.0500 0.0500
12.0000 0.6965 0.3344 0.0500 0.0500
12.0000 0.4865 0.3577 0.0500 0.0500
12.0000 0.4508 0.3326 0.0500 0.0500
12.0000 0.3871 0.2626 0.0500 0.0500
12.0000 0.8936 0.1829 0.0500 0.0500
12.0000 0.6886 0.6564 0.0500 0.0500
12.0000 0.4653 0.2389 0.0500 0.0500
12.0000 0.6390 0.7298 0.0500 0.0500
12.0000 0.8134 0.4881 0.0500 0.0500
12.0000 0.6172 0.7240 0.0500 0.0500
12.0000 0.3131 0.5309 0.0500 0.0500
12.0000 0.3685 0.4272 0.0500 0.0500
12.0000 0.8060 0.1893 0.0500 0.0500
