0.0000 0.3368 0.8072 0.1000 0.1000
0.0000 0.4773 0.8072 0.1000 0.1000
0.0000 0.6177 0.8072 0.1000 0.1000
0.0000 0.7582 0.8072 0.1000 0.1000
0.0000 0.8987 0.8072 0.1000 0.1000
1.0000 0.1708 0.7394 0.1000 0.1000
1.0000 0.1708 0.5505 0.1000 0.1000
1.0000 0.1708 0.3617 0.1000 0.1000
1.0000 0.1708 0.1729 0.1000 0.1000
5.0000 0.3482 0.7298 0.0500 0.0500
5.0000 0.3572 0.6347 0.0500 0.0500
5.0000 0.2613 0.3564 0.0500 0.0500
5.0000 0.5870 0.1829 0.0500 0.0500
5.0000 0.6174 0.4561 0.0500 0.0500
5.0000 0.8034 0.3954 0.0500 0.0500
5.0000 0.7256 0.6433 0.0500 0.0500
5.0000 0.5521 0.7263 0.0500 0.0500
5.0000 0.6737 0.5264 0.0500 0.0500
5.0000 0.8371 0.3084 0.0500 0.0500
5.0000 0.4022 0.6619 0.0500 0.0500
5.0000 0.2643 0.2015 0.0500 0.0500
5.0000 0.8619 0.6909 0.0500 0.0500
5.0000 0.5194 0.4505 0.0500 0.0500
5.0000 0.4609 0.5124 0.0500 0.0500
5.0000 0.7606 0.5551 0.0500 0.0500
5.0000 0.2537 0.4609 0.0500 0.0500
5.0000 0.6363 0.5769 0.0500 0.0500
5.0000 0.2517 0.4497 0.0500 0.0500
5.0000 0.8707 0.6591 0.0500 0.0500
5.0000 0.3438 0.3821 0.0500 0.0500
