0.0000 0.2488 0.7572 0.1000 0.1000
0.0000 0.4150 0.7572 0.1000 0.1000
0.0000 0.5813 0.7572 0.1000 0.1000
0.0000 0.7476 0.7572 0.1000 0.1000
0.0000 0.9139 0.7572 0.1000 0.1000
1.0000 0.2208 0.6067 0.1000 0.1000
1.0000 0.2208 0.4319 0.1000 0.1000
1.0000 0.2208 0.2571 0.1000 0.1000
2.0000 0.8630 0.5548 0.0500 0.0500
2.0000 0.6816 0.3088 0.0500 0.0500
2.0000 0.7858 0.2782 0.0500 0.0500
2.0000 0.3886 0.2803 0.0500 0.0500
2.0000 0.9057 0.2165 0.0500 0.0500
2.0000 0.8154 0.4271 0.0500 0.0500
2.0000 0.6719 0.5404 0.0500 0.0500
2.0000 0.2748 0.4724 0.0500 0.0500
2.0000 0.7891 0.3593 0.0500 0.0500
2.0000 0.2534 0.6174 0.0500 0.0500
2.0000 0.7296 0.3350 0.0500 0.0500
2.0000 0.6431 0.5087 0.0500 0.0500
2.0000 0.2853 0.2174 0.0500 0.0500
2.0000 0.3637 0.2030 0.0500 0.0500
2.0000 0.3512 0.6570 0.0500 0.0500
2.0000 0.6839 0.5856 0.0500 0.0500
2.0000 0.8053 0.7298 0.0500 0.0500
2.0000 0.8881 0.1829 0.0500 0.0500
2.0000 0.6611 0.6342 0.0500 0.0500
2.0000 0.8656 0.2392 0.0500 0.0500
2.0000 0.5748 0.4103 0.0500 0.0500
2.0000 0.6188 0.3084 0.0500 0.0500
2.0000 0.3248 0.4684 0.0500 0.0500
2.0000 0.6769 0.4520 0.0500 0.0500
