0.0000 0.2657 0.7572 0.1000 0.1000
0.0000 0.4243 0.7572 0.1000 0.1000
0.0000 0.5829 0.7572 0.1000 0.1000
0.0000 0.7415 0.7572 0.1000 0.1000
0.0000 0.9001 0.7572 0.1000 0.1000
1.0000 0.2481 0.6122 0.1000 0.1000
1.0000 0.2481 0.4660 0.1000 0.1000
1.0000 0.2481 0.3198 0.1000 0.1000
1.0000 0.2481 0.1735 0.1000 0.1000
4.0000 0.8204 0.3212 0.0500 0.0500
4.0000 0.3052 0.7264 0.0500 0.0500
4.0000 0.8809 0.3444 0.0500 0.0500
4.0000 0.4841 0.7298 0.0500 0.0500
4.0000 0.2783 0.3120 0.0500 0.0500
4.0000 0.8404 0.2244 0.0500 0.0500
4.0000 0.5013 0.1829 0.0500 0.0500
4.0000 0.4284 0.3310 0.0500 0.0500
4.0000 0.4505 0.5063 0.0500 0.0500
4.0000 0.8398 0.4265 0.0500 0.0500
4.0000 0.3023 0.5233 0.0500 0.0500
4.0000 0.7109 0.3664 0.0500 0.0500
4.0000 0.7436 0.2124 0.0500 0.0500
4.0000 0.5145 0.3077 0.0500 0.0500
4.0000 0.6415 0.3255 0.0500 0.0500
4.0000 0.7012 0.6576 0.0500 0.0500
4.0000 0.3885 0.2759 0.0500 0.0500
4.0000 0.3291 0.3006 0.0500 0.0500
