0.0000 0.3874 0.7572 0.1000 0.1000
0.0000 0.5452 0.7572 0.1000 0.1000
0.0000 0.7030 0.7572 0.1000 0.1000
0.0000 0.8608 0.7572 0.1000 0.1000
1.0000 0.2481 0.7319 0.1000 0.1000
1.0000 0.2481 0.5915 0.1000 0.1000
1.0000 0.2481 0.4512 0.1000 0.1000
1.0000 0.2481 0.3108 0.1000 0.1000
1.0000 0.2481 0.1704 0.1000 0.1000
2.0000 0.3082 0.5952 0.0500 0.0500
2.0000 0.8291 0.1887 0.0500 0.0500
2.0000 0.8431 0.3243 0.0500 0.0500
2.0000 0.4666 0.3812 0.0500 0.0500
2.0000 0.4786 0.6112 0.0500 0.0500
2.0000 0.5515 0.4727 0.0500 0.0500
2.0000 0.2802 0.5329 0.0500 0.0500
2.0000 0.5102 0.4127 0.0500 0.0500
2.0000 0.7817 0.3939 0.0500 0.0500
2.0000 0.8431 0.4557 0.0500 0.0500
2.0000 0.4401 0.1829 0.0500 0.0500
2.0000 0.4224 0.4902 0.0500 0.0500
2.0000 0.7559 0.5668 0.0500 0.0500
2.0000 0.5879 0.5325 0.0500 0.0500
2.0000 0.4598 0.1915 0.0500 0.0500
2.0000 0.5030 0.7298 0.0500 0.0500
2.0000 0.7774 0.5811 0.0500 0.0500
2.0000 0.8192 0.4842 0.0500 0.0500
2.0000 0.5734 0.6228 0.0500 0.0500
2.0000 0.6014 0.4876 0.0500 0.0500
2.0000 0.6892 0.3320 0.0500 0.0500
2.0000 0.3551 0.2284 0.0500 0.0500
2.0000 0.6901 0.4434 0.0500 0.0500
2.0000 0.2900 0.2014 0.0500 0.0500
2.0000 0.3412 0.6579 0.0500 0.0500
2.0000 0.9004 0.2542 0.0500 0.0500
2.0000 0.9092 0.5227 0.0500 0.0500
2.0000 0.9211 0.4198 0.0500 0.0500
2.0000 0.6194 0.4440 0.0500 0.0500
2.0000 0.5023 0.5886 0.0500 0.0500
2.0000 0.5671 0.4457 0.0500 0.0500
2.0000 0.7619 0.4031 0.0500 0.0500
