0.0000 0.3930 0.7572 0.1000 0.1000
0.0000 0.5988 0.7572 0.1000 0.1000
0.0000 0.8046 0.7572 0.1000 0.1000
1.0000 0.2208 0.7408 0.1000 0.1000
1.0000 0.2208 0.6035 0.1000 0.1000
1.0000 0.2208 0.4662 0.1000 0.1000
1.0000 0.2208 0.3289 0.1000 0.1000
1.0000 0.2208 0.1916 0.1000 0.1000
9.0000 0.6136 0.5676 0.0500 0.0500
9.0000 0.9198 0.6136 0.0500 0.0500
9.0000 0.6050 0.2776 0.0500 0.0500
9.0000 0.5132 0.1829 0.0500 0.0500
9.0000 0.7027 0.5104 0.0500 0.0500
9.0000 0.7889 0.3976 0.0500 0.0500
9.0000 0.3652 0.5314 0.0500 0.0500
9.0000 0.7437 0.5569 0.0500 0.0500
9.0000 0.3860 0.2897 0.0500 0.0500
9.0000 0.8774 0.4771 0.0500 0.0500
9.0000 0.4969 0.5275 0.0500 0.0500
9.0000 0.9071 0.7298 0.0500 0.0500
9.0000 0.2541 0.2547 0.0500 0.0500
9.0000 0.8336 0.4523 0.0500 0.0500
9.0000 0.4097 0.5566 0.0500 0.0500
