0.0000 0.2301 0.7572 0.1000 0.1000
0.0000 0.4529 0.7572 0.1000 0.1000
0.0000 0.6757 0.7572 0.1000 0.1000
0.0000 0.8986 0.7572 0.1000 0.1000
1.0000 0.2208 0.7335 0.1000 0.1000
1.0000 0.2208 0.5022 0.1000 0.1000
1.0000 0.2208 0.2708 0.1000 0.1000
3.0000 0.7073 0.6410 0.0500 0.0500
3.0000 0.3256 0.7192 0.0500 0.0500
3.0000 0.7267 0.4207 0.0500 0.0500
3.0000 0.2864 0.7298 0.0500 0.0500
3.0000 0.8629 0.6836 0.0500 0.0500
3.0000 0.6264 0.5739 0.0500 0.0500
3.0000 0.4897 0.3990 0.0500 0.0500
3.0000 0.3638 0.2213 0.0500 0.0500
3.0000 0.5596 0.6873 0.0500 0.0500
3.0000 0.6331 0.3708 0.0500 0.0500
3.0000 0.8546 0.4203 0.0500 0.0500
3.0000 0.5841 0.6410 0.0500 0.0500
3.0000 0.8833 0.3180 0.0500 0.0500
3.0000 0.8253 0.6327 0.0500 0.0500
3.0000 0.5011 0.2505 0.0500 0.0500
3.0000 0.5101 0.6988 0.0500 0.0500
3.0000 0.7996 0.4665 0.0500 0.0500
3.0000 0.5487 0.3083 0.0500 0.0500
3.0000 0.5520 0.6660 0.0500 0.0500
3.0000 0.7918 0.4689 0.0500 0.0500
3.0000 0.2541 0.3768 0.0500 0.0500
3.0000 0.6858 0.2000 0.0500 0.0500
3.0000 0.5222 0.6951 0.0500 0.0500
3.0000 0.9198 0.5406 0.0500 0.0500
3.0000 0.3952 0.3953 0.0500 0.0500
3.0000 0.7308 0.3111 0.0500 0.0500
3.0000 0.3513 0.7150 0.0500 0.0500
3.0000 0.3626 0.1829 0.0500 0.0500
3.0000 0.3076 0.4619 0.0500 0.0500
3.0000 0.7110 0.6641 0.0500 0.0500
3.0000 0.3715 0.4379 0.0500 0.0500
3.0000 0.7263 0.6956 0.0500 0.0500
3.0000 0.8982 0.5614 0.0500 0.0500
