0.0000 0.4021 0.7572 0.1000 0.1000
0.0000 0.5862 0.7572 0.1000 0.1000
0.0000 0.7702 0.7572 0.1000 0.1000
1.0000 0.2208 0.7413 0.1000 0.1000
1.0000 0.2208 0.5924 0.1000 0.1000
1.0000 0.2208 0.4436 0.1000 0.1000
1.0000 0.2208 0.2947 0.1000 0.1000
9.0000 0.8371 0.7111 0.0500 0.0500
9.0000 0.3382 0.5622 0.0500 0.0500
9.0000 0.3633 0.5094 0.0500 0.0500
9.0000 0.5003 0.6920 0.0500 0.0500
9.0000 0.2883 0.3196 0.0500 0.0500
9.0000 0.3777 0.2157 0.0500 0.0500
9.0000 0.7038 0.6917 0.0500 0.0500
9.0000 0.8179 0.3657 0.0500 0.0500
9.0000 0.8805 0.7115 0.0500 0.0500
9.0000 0.3651 0.1829 0.0500 0.0500
9.0000 0.3846 0.4851 0.0500 0.0500
9.0000 0.8698 0.4742 0.0500 0.0500
9.0000 0.2541 0.3822 0.0500 0.0500
9.0000 0.4719 0.3419 0.0500 0.0500
9.0000 0.8955 0.3535 0.0500 0.0500
9.0000 0.3531 0.6186 0.0500 0.0500
9.0000 0.6486 0.3751 0.0500 0.0500
9.0000 0.3747 0.3818 0.0500 0.0500
9.0000 0.6938 0.4519 0.0500 0.0500
9.0000 0.7619 0.5274 0.0500 0.0500
9.0000 0.4780 0.4710 0.0500 0.0500
9.0000 0.3401 0.2742 0.0500 0.0500
9.0000 0.8791 0.4409 0.0500 0.0500
9.0000 0.7790 0.7298 0.0500 0.0500
9.0000 0.4722 0.2298 0.0500 0.0500
9.0000 0.5601 0.5257 0.0500 0.0500
9.0000 0.9198 0.4526 0.0500 0.0500
