0.0000 0.2222 0.7572 0.1000 0.1000
0.0000 0.4732 0.7572 0.1000 0.1000
0.0000 0.7243 0.7572 0.1000 0.1000
1.0000 0.2208 0.6664 0.1000 0.1000
1.0000 0.2208 0.5336 0.1000 0.1000
1.0000 0.2208 0.4008 0.1000 0.1000
1.0000 0.2208 0.2680 0.1000 0.1000
7.0000 0.5232 0.2667 0.0500 0.0500
7.0000 0.4707 0.5241 0.0500 0.0500
7.0000 0.8410 0.5552 0.0500 0.0500
7.0000 0.9198 0.7298 0.0500 0.0500
7.0000 0.4313 0.6740 0.0500 0.0500
7.0000 0.6806 0.1984 0.0500 0.0500
7.0000 0.4323 0.6146 0.0500 0.0500
7.0000 0.5003 0.5221 0.0500 0.0500
7.0000 0.3942 0.6618 0.0500 0.0500
7.0000 0.7823 0.4202 0.0500 0.0500
7.0000 0.8141 0.7132 0.0500 0.0500
7.0000 0.4193 0.1863 0.0500 0.0500
7.0000 0.3957 0.4233 0.0500 0.0500
7.0000 0.6452 0.3137 0.0500 0.0500
7.0000 0.6957 0.1886 0.0500 0.0500
7.0000 0.2541 0.5073 0.0500 0.0500
7.0000 0.8372 0.4184 0.0500 0.0500
7.0000 0.7127 0.5411 0.0500 0.0500
7.0000 0.3819 0.3168 0.0500 0.0500
7.0000 0.5651 0.1964 0.0500 0.0500
7.0000 0.8746 0.1829 0.0500 0.0500
