0.0000 0.2758 0.7572 0.1000 0.1000
0.0000 0.4528 0.7572 0.1000 0.1000
0.0000 0.6298 0.7572 0.1000 0.1000
0.0000 0.8068 0.7572 0.1000 0.1000
1.0000 0.2208 0.5800 0.1000 0.1000
1.0000 0.2208 0.4019 0.1000 0.1000
1.0000 0.2208 0.2237 0.1000 0.1000
8.0000 0.2807 0.5917 0.0500 0.0500
8.0000 0.8120 0.5546 0.0500 0.0500
8.0000 0.4808 0.1990 0.0500 0.0500
8.0000 0.7303 0.6592 0.0500 0.0500
8.0000 0.8499 0.5516 0.0500 0.0500
8.0000 0.4237 0.4908 0.0500 0.0500
8.0000 0.4973 0.2747 0.0500 0.0500
8.0000 0.5889 0.1893 0.0500 0.0500
8.0000 0.2541 0.5275 0.0500 0.0500
8.0000 0.6569 0.1886 0.0500 0.0500
8.0000 0.7857 0.4104 0.0500 0.0500
8.0000 0.4138 0.4235 0.0500 0.0500
8.0000 0.7459 0.7298 0.0500 0.0500
8.0000 0.5808 0.3033 0.0500 0.0500
8.0000 0.2941 0.5579 0.0500 0.0500
8.0000 0.9198 0.6208 0.0500 0.0500
8.0000 0.8254 0.3326 0.0500 0.0500
8.0000 0.7226 0.2746 0.0500 0.0500
8.0000 0.7677 0.1829 0.0500 0.0500
8.0000 0.5740 0.1961 0.0500 0.0500
8.0000 0.5155 0.3029 0.0500 0.0500
