0.0000 0.4023 0.7572 0.1000 0.1000
0.0000 0.6041 0.7572 0.1000 0.1000
0.0000 0.8059 0.7572 0.1000 0.1000
1.0000 0.2208 0.6421 0.1000 0.1000
1.0000 0.2208 0.4869 0.1000 0.1000
1.0000 0.2208 0.3316 0.1000 0.1000
1.0000 0.2208 0.1764 0.1000 0.1000
6.0000 0.7794 0.2124 0.0500 0.0500
6.0000 0.9068 0.7298 0.0500 0.0500
6.0000 0.3701 0.1829 0.0500 0.0500
6.0000 0.8990 0.3287 0.0500 0.0500
6.0000 0.8257 0.6510 0.0500 0.0500
6.0000 0.2541 0.5227 0.0500 0.0500
6.0000 0.9089 0.4384 0.0500 0.0500
6.0000 0.2785 0.4364 0.0500 0.0500
6.0000 0.5574 0.2210 0.0500 0.0500
6.0000 0.8671 0.3633 0.0500 0.0500
6.0000 0.3336 0.4252 0.0500 0.0500
6.0000 0.7317 0.2618 0.0500 0.0500
6.0000 0.4508 0.4273 0.0500 0.0500
6.0000 0.3467 0.3014 0.0500 0.0500
6.0000 0.8792 0.6078 0.0500 0.0500
6.0000 0.6758 0.3788 0.0500 0.0500
6.0000 0.7007 0.4283 0.0500 0.0500
6.0000 0.9198 0.6874 0.0500 0.0500
