0.0000 0.2469 0.7572 0.1000 0.1000
0.0000 0.4867 0.7572 0.1000 0.1000
0.0000 0.7265 0.7572 0.1000 0.1000
1.0000 0.2208 0.5833 0.1000 0.1000
1.0000 0.2208 0.3804 0.1000 0.1000
1.0000 0.2208 0.1775 0.1000 0.1000
5.0000 0.5860 0.1829 0.0500 0.0500
5.0000 0.3965 0.4647 0.0500 0.0500
5.0000 0.9198 0.4421 0.0500 0.0500
5.0000 0.3547 0.2282 0.0500 0.0500
5.0000 0.3511 0.5182 0.0500 0.0500
5.0000 0.7933 0.5641 0.0500 0.0500
5.0000 0.3854 0.3618 0.0500 0.0500
5.0000 0.7870 0.3177 0.0500 0.0500
5.0000 0.4182 0.6319 0.0500 0.0500
5.0000 0.2824 0.2879 0.0500 0.0500
5.0000 0.4817 0.3900 0.0500 0.0500
5.0000 0.7979 0.2254 0.0500 0.0500
5.0000 0.4993 0.2960 0.0500 0.0500
5.0000 0.3413 0.3955 0.0500 0.0500
5.0000 0.8172 0.3483 0.0500 0.0500
5.0000 0.5276 0.6326 0.0500 0.0500
5.0000 0.7391 0.1931 0.0500 0.0500
5.0000 0.6999 0.5007 0.0500 0.0500
5.0000 0.8111 0.6867 0.0500 0.0500
5.0000 0.5968 0.7279 0.0500 0.0500
5.0000 0.8866 0.3048 0.0500 0.0500
5.0000 0.5756 0.5124 0.0500 0.0500
5.0000 0.4867 0.5163 0.0500 0.0500
5.0000 0.7161 0.2341 0.0500 0.0500
5.0000 0.9150 0.7298 0.0500 0.0500
5.0000 0.5081 0.7148 0.0500 0.0500
5.0000 0.8295 0.4769 0.0500 0.0500
5.0000 0.2541 0.6201 0.0500 0.0500
5.0000 0.4174 0.4188 0.0500 0.0500
5.0000 0.3224 0.4939 0.0500 0.0500
5.0000 0.8044 0.2401 0.0500 0.0500
5.0000 0.5024 0.2692 0.0500 0.0500
5.0000 0.5139 0.3336 0.0500 0.0500
