0.0000 0.2224 0.7572 0.1000 0.1000
0.0000 0.3841 0.7572 0.1000 0.1000
0.0000 0.5459 0.7572 0.1000 0.1000
0.0000 0.7076 0.7572 0.1000 0.1000
0.0000 0.8694 0.7572 0.1000 0.1000
1.0000 0.2208 0.6512 0.1000 0.1000
1.0000 0.2208 0.4371 0.1000 0.1000
1.0000 0.2208 0.2230 0.1000 0.1000
5.0000 0.2877 0.5086 0.0500 0.0500
5.0000 0.4754 0.3830 0.0500 0.0500
5.0000 0.4702 0.5244 0.0500 0.0500
5.0000 0.9198 0.1829 0.0500 0.0500
5.0000 0.4339 0.4073 0.0500 0.0500
5.0000 0.8623 0.3510 0.0500 0.0500
5.0000 0.2541 0.2868 0.0500 0.0500
5.0000 0.7788 0.7298 0.0500 0.0500
