0.0000 0.2249 0.7572 0.1000 0.1000
0.0000 0.4936 0.7572 0.1000 0.1000
0.0000 0.7623 0.7572 0.1000 0.1000
1.0000 0.1934 0.6468 0.1000 0.1000
1.0000 0.1934 0.5211 0.1000 0.1000
1.0000 0.1934 0.3954 0.1000 0.1000
1.0000 0.1934 0.2697 0.1000 0.1000
16.0000 0.8177 0.5922 0.0500 0.0500
16.0000 0.2280 0.3772 0.0500 0.0500
16.0000 0.3398 0.4444 0.0500 0.0500
16.0000 0.2856 0.1829 0.0500 0.0500
16.0000 0.2836 0.6016 0.0500 0.0500
16.0000 0.5644 0.4979 0.0500 0.0500
16.0000 0.7733 0.6230 0.0500 0.0500
16.0000 0.3305 0.7298 0.0500 0.0500
16.0000 0.4544 0.4281 0.0500 0.0500
16.0000 0.5788 0.5821 0.0500 0.0500
16.0000 0.7162 0.4048 0.0500 0.0500
16.0000 0.8729 0.4639 0.0500 0.0500
16.0000 0.7783 0.4608 0.0500 0.0500
16.0000 0.9186 0.6368 0.0500 0.0500
16.0000 0.3978 0.3583 0.0500 0.0500
16.0000 0.8323 0.5991 0.0500 0.0500
16.0000 0.6874 0.2162 0.0500 0.0500
