0.0000 0.2295 0.7572 0.1000 0.1000
0.0000 0.3982 0.7572 0.1000 0.1000
0.0000 0.5669 0.7572 0.1000 0.1000
0.0000 0.7356 0.7572 0.1000 0.1000
0.0000 0.9042 0.7572 0.1000 0.1000
1.0000 0.2208 0.7511 0.1000 0.1000
1.0000 0.2208 0.6136 0.1000 0.1000
1.0000 0.2208 0.4761 0.1000 0.1000
1.0000 0.2208 0.3386 0.1000 0.1000
1.0000 0.2208 0.2011 0.1000 0.1000
6.0000 0.9036 0.4113 0.0500 0.0500
6.0000 0.5886 0.1829 0.0500 0.0500
6.0000 0.6418 0.4343 0.0500 0.0500
6.0000 0.6677 0.4359 0.0500 0.0500
6.0000 0.6856 0.6578 0.0500 0.0500
6.0000 0.5887 0.3037 0.0500 0.0500
6.0000 0.8086 0.5004 0.0500 0.0500
6.0000 0.2850 0.7030 0.0500 0.0500
6.0000 0.2541 0.5108 0.0500 0.0500
6.0000 0.9198 0.7298 0.0500 0.0500
6.0000 0.5955 0.5050 0.0500 0.0500
6.0000 0.6834 0.5570 0.0500 0.0500
6.0000 0.4438 0.5330 0.0500 0.0500
6.0000 0.3768 0.2205 0.0500 0.0500
6.0000 0.5461 0.2071 0.0500 0.0500
