0.0000 0.3818 0.7572 0.1000 0.1000
0.0000 0.6452 0.7572 0.1000 0.1000
0.0000 0.9085 0.7572 0.1000 0.1000
1.0000 0.2208 0.6278 0.1000 0.1000
1.0000 0.2208 0.4883 0.1000 0.1000
1.0000 0.2208 0.3487 0.1000 0.1000
1.0000 0.2208 0.2091 0.1000 0.1000
8.0000 0.4116 0.3099 0.0500 0.0500
8.0000 0.2541 0.3885 0.0500 0.0500
8.0000 0.5598 0.2041 0.0500 0.0500
8.0000 0.4584 0.3761 0.0500 0.0500
8.0000 0.3776 0.5819 0.0500 0.0500
8.0000 0.8274 0.1829 0.0500 0.0500
8.0000 0.8572 0.6737 0.0500 0.0500
8.0000 0.5398 0.2916 0.0500 0.0500
8.0000 0.7020 0.2999 0.0500 0.0500
8.0000 0.9032 0.4520 0.0500 0.0500
8.0000 0.8179 0.4323 0.0500 0.0500
8.0000 0.9198 0.5654 0.0500 0.0500
8.0000 0.5841 0.5456 0.0500 0.0500
8.0000 0.7929 0.7298 0.0500 0.0500
8.0000 0.8503 0.2685 0.0500 0.0500
