0.0000 0.4494 0.7572 0.1000 0.1000
0.0000 0.6813 0.7572 0.1000 0.1000
0.0000 0.9133 0.7572 0.1000 0.1000
1.0000 0.2208 0.7422 0.1000 0.1000
1.0000 0.2208 0.6043 0.1000 0.1000
1.0000 0.2208 0.4664 0.1000 0.1000
1.0000 0.2208 0.3286 0.1000 0.1000
1.0000 0.2208 0.1907 0.1000 0.1000
6.0000 0.4903 0.5099 0.0500 0.0500
6.0000 0.4090 0.4234 0.0500 0.0500
6.0000 0.8065 0.1858 0.0500 0.0500
6.0000 0.6300 0.3536 0.0500 0.0500
6.0000 0.7091 0.2069 0.0500 0.0500
6.0000 0.3532 0.3728 0.0500 0.0500
6.0000 0.7797 0.3776 0.0500 0.0500
6.0000 0.7408 0.3443 0.0500 0.0500
6.0000 0.4772 0.3577 0.0500 0.0500
6.0000 0.7767 0.4322 0.0500 0.0500
6.0000 0.6034 0.2090 0.0500 0.0500
6.0000 0.2529 0.6825 0.0500 0.0500
6.0000 0.5408 0.6624 0.0500 0.0500
6.0000 0.3850 0.7213 0.0500 0.0500
6.0000 0.3621 0.2902 0.0500 0.0500
6.0000 0.5266 0.4537 0.0500 0.0500
6.0000 0.6228 0.3983 0.0500 0.0500
6.0000 0.3209 0.1829 0.0500 0.0500
6.0000 0.6759 0.4493 0.0500 0.0500
6.0000 0.2892 0.6212 0.0500 0.0500
6.0000 0.5781 0.5901 0.0500 0.0500
6.0000 0.5758 0.2608 0.0500 0.0500
6.0000 0.7978 0.7298 0.0500 0.0500
6.0000 0.6744 0.5243 0.0500 0.0500
6.0000 0.4438 0.5627 0.0500 0.0500
6.0000 0.8357 0.2493 0.0500 0.0500
6.0000 0.8412 0.2045 0.0500 0.0500
6.0000 0.4447 0.3164 0.0500 0.0500
6.0000 0.4316 0.2657 0.0500 0.0500
6.0000 0.2905 0.3831 0.0500 0.0500
6.0000 0.3721 0.4416 0.0500 0.0500
6.0000 0.8603 0.3167 0.0500 0.0500
6.0000 0.8954 0.3745 0.0500 0.0500
6.0000 0.7223 0.2115 0.0500 0.0500
6.0000 0.5449 0.3969 0.0500 0.0500
6.0000 0.5256 0.5474 0.0500 0.0500
6.0000 0.5553 0.2439 0.0500 0.0500
