0.0000 0.2234 0.7572 0.1000 0.1000
0.0000 0.3992 0.7572 0.1000 0.1000
0.0000 0.5750 0.7572 0.1000 0.1000
0.0000 0.7508 0.7572 0.1000 0.1000
0.0000 0.9266 0.7572 0.1000 0.1000
1.0000 0.2208 0.7498 0.1000 0.1000
1.0000 0.2208 0.5317 0.1000 0.1000
1.0000 0.2208 0.3137 0.1000 0.1000
2.0000 0.3781 0.7298 0.0500 0.0500
2.0000 0.5891 0.5261 0.0500 0.0500
2.0000 0.9037 0.5626 0.0500 0.0500
2.0000 0.3887 0.5517 0.0500 0.0500
2.0000 0.5223 0.1829 0.0500 0.0500
2.0000 0.9002 0.4004 0.0500 0.0500
2.0000 0.8264 0.7270 0.0500 0.0500
2.0000 0.6576 0.3941 0.0500 0.0500
2.0000 0.4414 0.3035 0.0500 0.0500
2.0000 0.6734 0.6256 0.0500 0.0500
2.0000 0.3535 0.5376 0.0500 0.0500
2.0000 0.3834 0.3631 0.0500 0.0500
2.0000 0.3852 0.3280 0.0500 0.0500
2.0000 0.7068 0.2691 0.0500 0.0500
2.0000 0.8088 0.6296 0.0500 0.0500
2.0000 0.8053 0.2659 0.0500 0.0500
2.0000 0.6629 0.2416 0.0500 0.0500
2.0000 0.8317 0.5681 0.0500 0.0500
2.0000 0.2533 0.3820 0.0500 0.0500
