0.0000 0.4590 0.7572 0.1000 0.1000
0.0000 0.7176 0.7572 0.1000 0.1000
1.0000 0.2208 0.6479 0.1000 0.1000
1.0000 0.2208 0.5065 0.1000 0.1000
1.0000 0.2208 0.3650 0.1000 0.1000
1.0000 0.2208 0.2236 0.1000 0.1000
5.0000 0.4532 0.6959 0.0500 0.0500
5.0000 0.3914 0.5167 0.0500 0.0500
5.0000 0.4233 0.5058 0.0500 0.0500
5.0000 0.7229 0.5050 0.0500 0.0500
5.0000 0.3586 0.5752 0.0500 0.0500
5.0000 0.3684 0.4798 0.0500 0.0500
5.0000 0.5586 0.5399 0.0500 0.0500
5.0000 0.4149 0.3795 0.0500 0.0500
5.0000 0.6721 0.6281 0.0500 0.0500
5.0000 0.2541 0.2925 0.0500 0.0500
5.0000 0.3752 0.6283 0.0500 0.0500
5.0000 0.4610 0.4299 0.0500 0.0500
5.0000 0.8932 0.3133 0.0500 0.0500
5.0000 0.5754 0.3579 0.0500 0.0500
5.0000 0.3238 0.4050 0.0500 0.0500
5.0000 0.7400 0.6337 0.0500 0.0500
5.0000 0.2696 0.4781 0.0500 0.0500
5.0000 0.6859 0.7085 0.0500 0.0500
5.0000 0.5764 0.1829 0.0500 0.0500
5.0000 0.6125 0.3100 0.0500 0.0500
5.0000 0.8315 0.2117 0.0500 0.0500
5.0000 0.9198 0.3845 0.0500 0.0500
5.0000 0.5862 0.3820 0.0500 0.0500
5.0000 0.8214 0.2043 0.0500 0.0500
5.0000 0.6096 0.3112 0.0500 0.0500
5.0000 0.3990 0.4836 0.0500 0.0500
5.0000 0.6072 0.2892 0.0500 0.0500
5.0000 0.6306 0.4328 0.0500 0.0500
5.0000 0.6610 0.2016 0.0500 0.0500
5.0000 0.8335 0.2764 0.0500 0.0500
5.0000 0.3063 0.3714 0.0500 0.0500
5.0000 0.7749 0.5667 0.0500 0.0500
5.0000 0.4412 0.3416 0.0500 0.0500
5.0000 0.8084 0.2912 0.0500 0.0500
5.0000 0.2983 0.7298 0.0500 0.0500
5.0000 0.5222 0.6325 0.0500 0.0500
5.0000 0.6094 0.5462 0.0500 0.0500
5.0000 0.7651 0.4510 0.0500 0.0500
5.0000 0.3323 0.4791 0.0500 0.0500
