0.0000 0.3928 0.7572 0.1000 0.1000
0.0000 0.6599 0.7572 0.1000 0.1000
0.0000 0.9270 0.7572 0.1000 0.1000
1.0000 0.2208 0.7345 0.1000 0.1000
1.0000 0.2208 0.5773 0.1000 0.1000
1.0000 0.2208 0.4200 0.1000 0.1000
1.0000 0.2208 0.2627 0.1000 0.1000
13.0000 0.9163 0.2464 0.0500 0.0500
13.0000 0.2539 0.6385 0.0500 0.0500
13.0000 0.3714 0.5876 0.0500 0.0500
13.0000 0.4142 0.6208 0.0500 0.0500
13.0000 0.5264 0.7298 0.0500 0.0500
13.0000 0.4088 0.4305 0.0500 0.0500
13.0000 0.7601 0.4605 0.0500 0.0500
13.0000 0.2633 0.5266 0.0500 0.0500
13.0000 0.8856 0.3785 0.0500 0.0500
13.0000 0.7975 0.3406 0.0500 0.0500
13.0000 0.6759 0.6344 0.0500 0.0500
13.0000 0.3861 0.4916 0.0500 0.0500
13.0000 0.4743 0.3041 0.0500 0.0500
13.0000 0.2780 0.1829 0.0500 0.0500
13.0000 0.3955 0.5124 0.0500 0.0500
13.0000 0.4436 0.6023 0.0500 0.0500
13.0000 0.3781 0.7232 0.0500 0.0500
13.0000 0.4502 0.3826 0.0500 0.0500
13.0000 0.4850 0.5032 0.0500 0.0500
13.0000 0.8709 0.6066 0.0500 0.0500
13.0000 0.4529 0.4141 0.0500 0.0500
13.0000 0.3140 0.2566 0.0500 0.0500
13.0000 0.4088 0.4754 0.0500 0.0500
13.0000 0.3901 0.1974 0.0500 0.0500
