0.0000 0.3130 0.7572 0.1000 0.1000
0.0000 0.4628 0.7572 0.1000 0.1000
0.0000 0.6126 0.7572 0.1000 0.1000
0.0000 0.7624 0.7572 0.1000 0.1000
0.0000 0.9123 0.7572 0.1000 0.1000
1.0000 0.2208 0.7270 0.1000 0.1000
1.0000 0.2208 0.5672 0.1000 0.1000
1.0000 0.2208 0.4074 0.1000 0.1000
1.0000 0.2208 0.2476 0.1000 0.1000
5.0000 0.6170 0.4561 0.0500 0.0500
5.0000 0.7653 0.3779 0.0500 0.0500
5.0000 0.2523 0.3525 0.0500 0.0500
5.0000 0.6782 0.2693 0.0500 0.0500
5.0000 0.7947 0.6964 0.0500 0.0500
5.0000 0.6030 0.7280 0.0500 0.0500
5.0000 0.5561 0.2657 0.0500 0.0500
5.0000 0.3669 0.4588 0.0500 0.0500
5.0000 0.5798 0.3948 0.0500 0.0500
5.0000 0.3805 0.4212 0.0500 0.0500
5.0000 0.8574 0.1829 0.0500 0.0500
5.0000 0.8607 0.6538 0.0500 0.0500
5.0000 0.6715 0.5834 0.0500 0.0500
5.0000 0.2580 0.2753 0.0500 0.0500
5.0000 0.7677 0.2673 0.0500 0.0500
5.0000 0.5208 0.4412 0.0500 0.0500
5.0000 0.8822 0.7298 0.0500 0.0500
5.0000 0.8808 0.7295 0.0500 0.0500
