0.0000 0.2191 0.7572 0.1000 0.1000
0.0000 0.4041 0.7572 0.1000 0.1000
0.0000 0.5892 0.7572 0.1000 0.1000
0.0000 0.7743 0.7572 0.1000 0.1000
1.0000 0.1934 0.7525 0.1000 0.1000
1.0000 0.1934 0.5639 0.1000 0.1000
1.0000 0.1934 0.3753 0.1000 0.1000
1.0000 0.1934 0.1867 0.1000 0.1000
5.0000 0.8150 0.6563 0.0500 0.0500
5.0000 0.8102 0.7053 0.0500 0.0500
5.0000 0.2472 0.2546 0.0500 0.0500
5.0000 0.4378 0.6204 0.0500 0.0500
5.0000 0.6566 0.2621 0.0500 0.0500
5.0000 0.8768 0.2074 0.0500 0.0500
5.0000 0.9186 0.6827 0.0500 0.0500
5.0000 0.7017 0.7298 0.0500 0.0500
5.0000 0.5574 0.4733 0.0500 0.0500
5.0000 0.4008 0.6393 0.0500 0.0500
5.0000 0.5403 0.2414 0.0500 0.0500
5.0000 0.6928 0.6544 0.0500 0.0500
5.0000 0.7006 0.4281 0.0500 0.0500
5.0000 0.4704 0.3149 0.0500 0.0500
5.0000 0.8638 0.2527 0.0500 0.0500
5.0000 0.3523 0.1829 0.0500 0.0500
5.0000 0.5951 0.2640 0.0500 0.0500
5.0000 0.5711 0.4036 0.0500 0.0500
5.0000 0.7191 0.5205 0.0500 0.0500
5.0000 0.7354 0.2244 0.0500 0.0500
5.0000 0.2990 0.3413 0.0500 0.0500
5.0000 0.7154 0.2961 0.0500 0.0500
5.0000 0.7646 0.6167 0.0500 0.0500
5.0000 0.5733 0.3338 0.0500 0.0500
5.0000 0.6995 0.2206 0.0500 0.0500
5.0000 0.2757 0.4130 0.0500 0.0500
5.0000 0.5407 0.3922 0.0500 0.0500
5.0000 0.8775 0.3470 0.0500 0.0500
5.0000 0.5074 0.7242 0.0500 0.0500
5.0000 0.5403 0.5940 0.0500 0.0500
5.0000 0.4201 0.2131 0.0500 0.0500
5.0000 0.7532 0.4677 0.0500 0.0500
5.0000 0.7554 0.2998 0.0500 0.0500
5.0000 0.2280 0.6054 0.0500 0.0500
5.0000 0.4090 0.6374 0.0500 0.0500
5.0000 0.3131 0.3734 0.0500 0.0500
5.0000 0.4771 0.5261 0.0500 0.0500
