0.0000 0.2283 0.7572 0.1000 0.1000
0.0000 0.3896 0.7572 0.1000 0.1000
0.0000 0.5508 0.7572 0.1000 0.1000
0.0000 0.7121 0.7572 0.1000 0.1000
0.0000 0.8734 0.7572 0.1000 0.1000
1.0000 0.2208 0.5534 0.1000 0.1000
1.0000 0.2208 0.3290 0.1000 0.1000
2.0000 0.3599 0.1968 0.0500 0.0500
2.0000 0.6360 0.4690 0.0500 0.0500
2.0000 0.4966 0.6522 0.0500 0.0500
2.0000 0.4883 0.4623 0.0500 0.0500
2.0000 0.5973 0.4993 0.0500 0.0500
2.0000 0.5353 0.3539 0.0500 0.0500
2.0000 0.9198 0.5880 0.0500 0.0500
2.0000 0.7269 0.6980 0.0500 0.0500
2.0000 0.2567 0.6679 0.0500 0.0500
2.0000 0.5934 0.3566 0.0500 0.0500
2.0000 0.8766 0.4787 0.0500 0.0500
2.0000 0.4508 0.4659 0.0500 0.0500
2.0000 0.6044 0.1939 0.0500 0.0500
2.0000 0.7379 0.6614 0.0500 0.0500
2.0000 0.2541 0.3122 0.0500 0.0500
2.0000 0.8669 0.3918 0.0500 0.0500
2.0000 0.2605 0.3885 0.0500 0.0500
2.0000 0.5192 0.5050 0.0500 0.0500
2.0000 0.6257 0.4426 0.0500 0.0500
2.0000 0.4515 0.5979 0.0500 0.0500
2.0000 0.4805 0.6344 0.0500 0.0500
2.0000 0.8618 0.2895 0.0500 0.0500
2.0000 0.6779 0.1829 0.0500 0.0500
2.0000 0.2805 0.2080 0.0500 0.0500
2.0000 0.7811 0.2267 0.0500 0.0500
2.0000 0.5786 0.6107 0.0500 0.0500
2.0000 0.4592 0.5828 0.0500 0.0500
2.0000 0.6553 0.7298 0.0500 0.0500
2.0000 0.4354 0.6773 0.0500 0.0500
2.0000 0.4715 0.7105 0.0500 0.0500
2.0000 0.3541 0.5375 0.0500 0.0500
2.0000 0.5850 0.7143 0.0500 0.0500
2.0000 0.4566 0.7031 0.0500 0.0500
2.0000 0.8089 0.2603 0.0500 0.0500
2.0000 0.6637 0.4423 0.0500 0.0500
