0.0000 0.3850 0.7572 0.1000 0.1000
0.0000 0.5614 0.7572 0.1000 0.1000
0.0000 0.7378 0.7572 0.1000 0.1000
0.0000 0.9142 0.7572 0.1000 0.1000
1.0000 0.2208 0.6674 0.1000 0.1000
1.0000 0.2208 0.4777 0.1000 0.1000
1.0000 0.2208 0.2879 0.1000 0.1000
9.0000 0.4476 0.7263 0.0500 0.0500
9.0000 0.2750 0.4604 0.0500 0.0500
9.0000 0.2539 0.4552 0.0500 0.0500
9.0000 0.6544 0.3793 0.0500 0.0500
9.0000 0.2778 0.6592 0.0500 0.0500
9.0000 0.5980 0.4368 0.0500 0.0500
9.0000 0.4112 0.5128 0.0500 0.0500
9.0000 0.2864 0.5115 0.0500 0.0500
9.0000 0.6846 0.3081 0.0500 0.0500
9.0000 0.9164 0.4585 0.0500 0.0500
9.0000 0.4603 0.3318 0.0500 0.0500
9.0000 0.4149 0.1829 0.0500 0.0500
9.0000 0.6334 0.7185 0.0500 0.0500
9.0000 0.3513 0.4176 0.0500 0.0500
9.0000 0.8836 0.4582 0.0500 0.0500
9.0000 0.8269 0.5807 0.0500 0.0500
9.0000 0.3770 0.7298 0.0500 0.0500
9.0000 0.6194 0.6722 0.0500 0.0500
9.0000 0.4293 0.6353 0.0500 0.0500
9.0000 0.4534 0.1876 0.0500 0.0500
