0.0000 0.2516 0.7572 0.1000 0.1000
0.0000 0.4658 0.7572 0.1000 0.1000
0.0000 0.6800 0.7572 0.1000 0.1000
0.0000 0.8942 0.7572 0.1000 0.1000
1.0000 0.2208 0.7306 0.1000 0.1000
1.0000 0.2208 0.5307 0.1000 0.1000
1.0000 0.2208 0.3308 0.1000 0.1000
8.0000 0.6543 0.2297 0.0500 0.0500
8.0000 0.7129 0.4983 0.0500 0.0500
8.0000 0.4298 0.2797 0.0500 0.0500
8.0000 0.3827 0.2725 0.0500 0.0500
8.0000 0.6228 0.6491 0.0500 0.0500
8.0000 0.5960 0.3408 0.0500 0.0500
8.0000 0.6199 0.3388 0.0500 0.0500
8.0000 0.6449 0.3956 0.0500 0.0500
8.0000 0.3714 0.6679 0.0500 0.0500
8.0000 0.4848 0.2129 0.0500 0.0500
8.0000 0.3098 0.4856 0.0500 0.0500
8.0000 0.6190 0.6039 0.0500 0.0500
8.0000 0.8817 0.3444 0.0500 0.0500
8.0000 0.3660 0.4256 0.0500 0.0500
8.0000 0.7938 0.5015 0.0500 0.0500
8.0000 0.2603 0.5987 0.0500 0.0500
8.0000 0.7216 0.4404 0.0500 0.0500
8.0000 0.8953 0.1989 0.0500 0.0500
8.0000 0.4748 0.2401 0.0500 0.0500
8.0000 0.3250 0.4496 0.0500 0.0500
8.0000 0.8800 0.2173 0.0500 0.0500
8.0000 0.2990 0.2425 0.0500 0.0500
8.0000 0.9024 0.5387 0.0500 0.0500
8.0000 0.5681 0.5643 0.0500 0.0500
8.0000 0.5857 0.1961 0.0500 0.0500
8.0000 0.4448 0.3636 0.0500 0.0500
8.0000 0.4761 0.5023 0.0500 0.0500
8.0000 0.5667 0.3316 0.0500 0.0500
8.0000 0.4237 0.3748 0.0500 0.0500
8.0000 0.3187 0.7298 0.0500 0.0500
8.0000 0.7797 0.2513 0.0500 0.0500
8.0000 0.9198 0.1829 0.0500 0.0500
8.0000 0.5872 0.5203 0.0500 0.0500
8.0000 0.8751 0.2453 0.0500 0.0500
8.0000 0.2541 0.2533 0.0500 0.0500
8.0000 0.2753 0.4560 0.0500 0.0500
8.0000 0.6904 0.5527 0.0500 0.0500
