0.0000 0.2529 0.7572 0.1000 0.1000
0.0000 0.4183 0.7572 0.1000 0.1000
0.0000 0.5836 0.7572 0.1000 0.1000
0.0000 0.7490 0.7572 0.1000 0.1000
0.0000 0.9144 0.7572 0.1000 0.1000
1.0000 0.2208 0.7407 0.1000 0.1000
1.0000 0.2208 0.6049 0.1000 0.1000
1.0000 0.2208 0.4691 0.1000 0.1000
1.0000 0.2208 0.3332 0.1000 0.1000
1.0000 0.2208 0.1974 0.1000 0.1000
6.0000 0.8133 0.1905 0.0500 0.0500
6.0000 0.7880 0.3839 0.0500 0.0500
6.0000 0.3657 0.6236 0.0500 0.0500
6.0000 0.7594 0.4367 0.0500 0.0500
6.0000 0.5562 0.7287 0.0500 0.0500
6.0000 0.6007 0.4528 0.0500 0.0500
6.0000 0.3374 0.7006 0.0500 0.0500
6.0000 0.3520 0.2497 0.0500 0.0500
6.0000 0.6394 0.2181 0.0500 0.0500
6.0000 0.4224 0.5046 0.0500 0.0500
6.0000 0.5570 0.6318 0.0500 0.0500
6.0000 0.3030 0.5377 0.0500 0.0500
6.0000 0.4837 0.2602 0.0500 0.0500
6.0000 0.7070 0.6574 0.0500 0.0500
6.0000 0.6149 0.2630 0.0500 0.0500
6.0000 0.8942 0.7190 0.0500 0.0500
6.0000 0.5231 0.1829 0.0500 0.0500
6.0000 0.5203 0.6236 0.0500 0.0500
6.0000 0.6192 0.5878 0.0500 0.0500
6.0000 0.4616 0.2072 0.0500 0.0500
6.0000 0.4925 0.5944 0.0500 0.0500
6.0000 0.3860 0.6007 0.0500 0.0500
6.0000 0.6056 0.7298 0.0500 0.0500
6.0000 0.8492 0.6694 0.0500 0.0500
6.0000 0.6122 0.2353 0.0500 0.0500
6.0000 0.7769 0.4233 0.0500 0.0500
6.0000 0.4098 0.3663 0.0500 0.0500
6.0000 0.2595 0.2048 0.0500 0.0500
6.0000 0.5676 0.2782 0.0500 0.0500
6.0000 0.5636 0.4611 0.0500 0.0500
6.0000 0.9193 0.5260 0.0500 0.0500
6.0000 0.6903 0.3148 0.0500 0.0500
6.0000 0.2541 0.2969 0.0500 0.0500
6.0000 0.3956 0.4578 0.0500 0.0500
6.0000 0.7893 0.5792 0.0500 0.0500
6.0000 0.7806 0.5429 0.0500 0.0500
6.0000 0.4057 0.3845 0.0500 0.0500
6.0000 0.8133 0.1860 0.0500 0.0500
6.0000 0.2764 0.3798 0.0500 0.0500
