0.0000 0.2500 0.7572 0.1000 0.1000
0.0000 0.4474 0.7572 0.1000 0.1000
0.0000 0.6449 0.7572 0.1000 0.1000
0.0000 0.8424 0.7572 0.1000 0.1000
1.0000 0.2204 0.7355 0.1000 0.1000
1.0000 0.2204 0.5357 0.1000 0.1000
1.0000 0.2204 0.3359 0.1000 0.1000
20.0000 0.7445 0.3866 0.0500 0.0500
20.0000 0.6094 0.4484 0.0500 0.0500
20.0000 0.7208 0.2281 0.0500 0.0500
20.0000 0.5645 0.4511 0.0500 0.0500
20.0000 0.6738 0.3859 0.0500 0.0500
20.0000 0.3552 0.5293 0.0500 0.0500
20.0000 0.6664 0.2823 0.0500 0.0500
20.0000 0.5012 0.4907 0.0500 0.0500
20.0000 0.3744 0.2393 0.0500 0.0500
20.0000 0.3329 0.6808 0.0500 0.0500
20.0000 0.8134 0.7298 0.0500 0.0500
20.0000 0.5335 0.3465 0.0500 0.0500
20.0000 0.6194 0.6078 0.0500 0.0500
20.0000 0.6321 0.2058 0.0500 0.0500
20.0000 0.4940 0.6405 0.0500 0.0500
20.0000 0.8720 0.2209 0.0500 0.0500
20.0000 0.2762 0.6426 0.0500 0.0500
20.0000 0.8389 0.2650 0.0500 0.0500
20.0000 0.5754 0.2859 0.0500 0.0500
20.0000 0.3058 0.3050 0.0500 0.0500
20.0000 0.3208 0.4119 0.0500 0.0500
20.0000 0.2549 0.6184 0.0500 0.0500
20.0000 0.5677 0.3683 0.0500 0.0500
20.0000 0.6556 0.2659 0.0500 0.0500
20.0000 0.2942 0.4363 0.0500 0.0500
20.0000 0.8037 0.1829 0.0500 0.0500
20.0000 0.5673 0.7173 0.0500 0.0500
20.0000 0.9198 0.1961 0.0500 0.0500
20.0000 0.2663 0.2715 0.0500 0.0500
20.0000 0.6076 0.5808 0.0500 0.0500
20.0000 0.2537 0.4189 0.0500 0.0500
20.0000 0.5705 0.4704 0.0500 0.0500
20.0000 0.3070 0.4952 0.0500 0.0500
