0.0000 0.3422 0.7572 0.1000 0.1000
0.0000 0.5329 0.7572 0.1000 0.1000
0.0000 0.7235 0.7572 0.1000 0.1000
0.0000 0.9141 0.7572 0.1000 0.1000
1.0000 0.2208 0.7448 0.1000 0.1000
1.0000 0.2208 0.6243 0.1000 0.1000
1.0000 0.2208 0.5037 0.1000 0.1000
1.0000 0.2208 0.3832 0.1000 0.1000
1.0000 0.2208 0.2627 0.1000 0.1000
11.0000 0.2576 0.2212 0.0500 0.0500
11.0000 0.7318 0.5994 0.0500 0.0500
11.0000 0.5309 0.4628 0.0500 0.0500
11.0000 0.9061 0.7298 0.0500 0.0500
11.0000 0.3720 0.2229 0.0500 0.0500
11.0000 0.7273 0.5929 0.0500 0.0500
11.0000 0.2534 0.1829 0.0500 0.0500
11.0000 0.8462 0.3393 0.0500 0.0500
11.0000 0.6476 0.2224 0.0500 0.0500
11.0000 0.6983 0.5816 0.0500 0.0500
11.0000 0.4761 0.4902 0.0500 0.0500
11.0000 0.3400 0.3904 0.0500 0.0500
