0.0000 0.2387 0.7572 0.1000 0.1000
0.0000 0.4354 0.7572 0.1000 0.1000
0.0000 0.6321 0.7572 0.1000 0.1000
0.0000 0.8288 0.7572 0.1000 0.1000
1.0000 0.2208 0.7497 0.1000 0.1000
1.0000 0.2208 0.5678 0.1000 0.1000
1.0000 0.2208 0.3859 0.1000 0.1000
1.0000 0.2208 0.2040 0.1000 0.1000
9.0000 0.7226 0.6123 0.0500 0.0500
9.0000 0.6581 0.7036 0.0500 0.0500
9.0000 0.6378 0.7298 0.0500 0.0500
9.0000 0.7249 0.3697 0.0500 0.0500
9.0000 0.5595 0.2757 0.0500 0.0500
9.0000 0.8522 0.3142 0.0500 0.0500
9.0000 0.6687 0.3608 0.0500 0.0500
9.0000 0.4773 0.4485 0.0500 0.0500
9.0000 0.3664 0.4566 0.0500 0.0500
9.0000 0.3129 0.4681 0.0500 0.0500
9.0000 0.7080 0.6687 0.0500 0.0500
9.0000 0.6512 0.4639 0.0500 0.0500
9.0000 0.7334 0.3029 0.0500 0.0500
9.0000 0.5853 0.1829 0.0500 0.0500
9.0000 0.9163 0.6507 0.0500 0.0500
9.0000 0.3308 0.2718 0.0500 0.0500
9.0000 0.6966 0.3808 0.0500 0.0500
9.0000 0.4002 0.4843 0.0500 0.0500
9.0000 0.6061 0.5108 0.0500 0.0500
9.0000 0.9198 0.4061 0.0500 0.0500
9.0000 0.4881 0.7189 0.0500 0.0500
9.0000 0.2541 0.4039 0.0500 0.0500
9.0000 0.3347 0.2586 0.0500 0.0500
9.0000 0.6868 0.6971 0.0500 0.0500
9.0000 0.7953 0.2216 0.0500 0.0500
9.0000 0.7778 0.4977 0.0500 0.0500
9.0000 0.9031 0.5432 0.0500 0.0500
9.0000 0.6937 0.3635 0.0500 0.0500
9.0000 0.5170 0.7084 0.0500 0.0500
9.0000 0.4256 0.2415 0.0500 0.0500
9.0000 0.3923 0.4519 0.0500 0.0500
9.0000 0.5054 0.4816 0.0500 0.0500
