0.0000 0.3935 0.7572 0.1000 0.1000
0.0000 0.5852 0.7572 0.1000 0.1000
0.0000 0.7770 0.7572 0.1000 0.1000
1.0000 0.2208 0.7333 0.1000 0.1000
1.0000 0.2208 0.5579 0.1000 0.1000
1.0000 0.2208 0.3825 0.1000 0.1000
1.0000 0.2208 0.2071 0.1000 0.1000
4.0000 0.2645 0.7298 0.0500 0.0500
4.0000 0.6582 0.5130 0.0500 0.0500
4.0000 0.2796 0.6491 0.0500 0.0500
4.0000 0.2948 0.2201 0.0500 0.0500
4.0000 0.3348 0.5407 0.0500 0.0500
4.0000 0.2732 0.1829 0.0500 0.0500
4.0000 0.8195 0.4327 0.0500 0.0500
4.0000 0.4748 0.7235 0.0500 0.0500
4.0000 0.5881 0.6418 0.0500 0.0500
4.0000 0.8977 0.3387 0.0500 0.0500
4.0000 0.3525 0.2050 0.0500 0.0500
4.0000 0.6107 0.2745 0.0500 0.0500
4.0000 0.4279 0.4379 0.0500 0.0500
4.0000 0.5113 0.4492 0.0500 0.0500
4.0000 0.5579 0.6260 0.0500 0.0500
4.0000 0.3943 0.3685 0.0500 0.0500
4.0000 0.3904 0.3951 0.0500 0.0500
4.0000 0.4712 0.4909 0.0500 0.0500
4.0000 0.8283 0.2650 0.0500 0.0500
4.0000 0.4222 0.6660 0.0500 0.0500
4.0000 0.3962 0.6962 0.0500 0.0500
4.0000 0.3301 0.4330 0.0500 0.0500
4.0000 0.9198 0.5337 0.0500 0.0500
4.0000 0.2541 0.6334 0.0500 0.0500
