0.0000 0.2302 0.7572 0.1000 0.1000
0.0000 0.3796 0.7572 0.1000 0.1000
0.0000 0.5290 0.7572 0.1000 0.1000
0.0000 0.6785 0.7572 0.1000 0.1000
0.0000 0.8279 0.7572 0.1000 0.1000
1.0000 0.2208 0.7331 0.1000 0.1000
1.0000 0.2208 0.5474 0.1000 0.1000
1.0000 0.2208 0.3617 0.1000 0.1000
1.0000 0.2208 0.1759 0.1000 0.1000
6.0000 0.7442 0.3591 0.0500 0.0500
6.0000 0.3243 0.3831 0.0500 0.0500
6.0000 0.2541 0.5147 0.0500 0.0500
6.0000 0.5881 0.5666 0.0500 0.0500
6.0000 0.5933 0.4191 0.0500 0.0500
6.0000 0.7637 0.2848 0.0500 0.0500
6.0000 0.6725 0.2114 0.0500 0.0500
6.0000 0.3938 0.3805 0.0500 0.0500
6.0000 0.4087 0.6547 0.0500 0.0500
6.0000 0.4678 0.3401 0.0500 0.0500
6.0000 0.6538 0.6015 0.0500 0.0500
6.0000 0.7390 0.7295 0.0500 0.0500
6.0000 0.8653 0.3178 0.0500 0.0500
6.0000 0.6471 0.3416 0.0500 0.0500
6.0000 0.5552 0.5751 0.0500 0.0500
6.0000 0.6352 0.4358 0.0500 0.0500
6.0000 0.7719 0.6339 0.0500 0.0500
6.0000 0.9198 0.5726 0.0500 0.0500
6.0000 0.4611 0.3326 0.0500 0.0500
6.0000 0.3415 0.2665 0.0500 0.0500
6.0000 0.6329 0.6678 0.0500 0.0500
6.0000 0.3086 0.2345 0.0500 0.0500
6.0000 0.8354 0.3854 0.0500 0.0500
6.0000 0.3109 0.2821 0.0500 0.0500
6.0000 0.5761 0.3011 0.0500 0.0500
6.0000 0.3064 0.2285 0.0500 0.0500
6.0000 0.4356 0.5245 0.0500 0.0500
6.0000 0.7166 0.3474 0.0500 0.0500
6.0000 0.4909 0.2578 0.0500 0.0500
6.0000 0.4513 0.1829 0.0500 0.0500
6.0000 0.9071 0.6603 0.0500 0.0500
6.0000 0.8324 0.7298 0.0500 0.0500
6.0000 0.9124 0.7275 0.0500 0.0500
6.0000 0.8885 0.7032 0.0500 0.0500
6.0000 0.6120 0.5813 0.0500 0.0500
