0.0000 0.3133 0.7572 0.1000 0.1000
0.0000 0.5293 0.7572 0.1000 0.1000
0.0000 0.7453 0.7572 0.1000 0.1000
1.0000 0.2208 0.7490 0.1000 0.1000
1.0000 0.2208 0.5461 0.1000 0.1000
1.0000 0.2208 0.3431 0.1000 0.1000
3.0000 0.2541 0.2411 0.0500 0.0500
3.0000 0.5036 0.2135 0.0500 0.0500
3.0000 0.3122 0.6289 0.0500 0.0500
3.0000 0.8010 0.5723 0.0500 0.0500
3.0000 0.4427 0.5038 0.0500 0.0500
3.0000 0.2601 0.6101 0.0500 0.0500
3.0000 0.4360 0.3376 0.0500 0.0500
3.0000 0.8194 0.4749 0.0500 0.0500
3.0000 0.3489 0.7298 0.0500 0.0500
3.0000 0.3550 0.1829 0.0500 0.0500
3.0000 0.9198 0.5416 0.0500 0.0500
