0.0000 0.4577 0.7572 0.1000 0.1000
0.0000 0.7170 0.7572 0.1000 0.1000
1.0000 0.2208 0.5385 0.1000 0.1000
1.0000 0.2208 0.3178 0.1000 0.1000
8.0000 0.5350 0.5047 0.0500 0.0500
8.0000 0.7043 0.5475 0.0500 0.0500
8.0000 0.2541 0.5299 0.0500 0.0500
8.0000 0.5731 0.1829 0.0500 0.0500
8.0000 0.5653 0.4376 0.0500 0.0500
8.0000 0.5529 0.2076 0.0500 0.0500
8.0000 0.6200 0.2447 0.0500 0.0500
8.0000 0.7738 0.3032 0.0500 0.0500
8.0000 0.6364 0.4171 0.0500 0.0500
8.0000 0.7336 0.6396 0.0500 0.0500
8.0000 0.2951 0.6338 0.0500 0.0500
8.0000 0.7424 0.7161 0.0500 0.0500
8.0000 0.6501 0.4252 0.0500 0.0500
8.0000 0.4688 0.7298 0.0500 0.0500
8.0000 0.3856 0.3533 0.0500 0.0500
8.0000 0.4940 0.6179 0.0500 0.0500
8.0000 0.7422 0.6985 0.0500 0.0500
8.0000 0.7240 0.4881 0.0500 0.0500
8.0000 0.7334 0.3228 0.0500 0.0500
8.0000 0.8931 0.2482 0.0500 0.0500
8.0000 0.7196 0.3882 0.0500 0.0500
8.0000 0.4299 0.5842 0.0500 0.0500
8.0000 0.9198 0.2407 0.0500 0.0500
8.0000 0.8044 0.5288 0.0500 0.0500
8.0000 0.3384 0.2630 0.0500 0.0500
8.0000 0.2870 0.5360 0.0500 0.0500
8.0000 0.4961 0.6649 0.0500 0.0500
8.0000 0.4769 0.5652 0.0500 0.0500
8.0000 0.8540 0.1897 0.0500 0.0500
8.0000 0.3360 0.6179 0.0500 0.0500
8.0000 0.3262 0.6329 0.0500 0.0500
8.0000 0.7349 0.4623 0.0500 0.0500
8.0000 0.7232 0.2549 0.0500 0.0500
