0.0000 0.2219 0.7572 0.1000 0.1000
0.0000 0.3944 0.7572 0.1000 0.1000
0.0000 0.5670 0.7572 0.1000 0.1000
0.0000 0.7396 0.7572 0.1000 0.1000
0.0000 0.9122 0.7572 0.1000 0.1000
1.0000 0.2208 0.6308 0.1000 0.1000
1.0000 0.2208 0.4996 0.1000 0.1000
1.0000 0.2208 0.3683 0.1000 0.1000
1.0000 0.2208 0.2370 0.1000 0.1000
9.0000 0.5725 0.7153 0.0500 0.0500
9.0000 0.2523 0.5773 0.0500 0.0500
9.0000 0.4652 0.4007 0.0500 0.0500
9.0000 0.6075 0.5338 0.0500 0.0500
9.0000 0.5076 0.7298 0.0500 0.0500
9.0000 0.2576 0.1829 0.0500 0.0500
9.0000 0.8828 0.2938 0.0500 0.0500
9.0000 0.4575 0.7205 0.0500 0.0500
9.0000 0.4597 0.5295 0.0500 0.0500
9.0000 0.3849 0.4348 0.0500 0.0500
9.0000 0.7028 0.4981 0.0500 0.0500
9.0000 0.4452 0.5242 0.0500 0.0500
9.0000 0.5945 0.2852 0.0500 0.0500
9.0000 0.6775 0.6945 0.0500 0.0500
