0.0000 0.2302 0.7572 0.1000 0.1000
0.0000 0.4009 0.7572 0.1000 0.1000
0.0000 0.5716 0.7572 0.1000 0.1000
0.0000 0.7424 0.7572 0.1000 0.1000
0.0000 0.9131 0.7572 0.1000 0.1000
1.0000 0.2208 0.7373 0.1000 0.1000
1.0000 0.2208 0.6114 0.1000 0.1000
1.0000 0.2208 0.4856 0.1000 0.1000
1.0000 0.2208 0.3598 0.1000 0.1000
1.0000 0.2208 0.2340 0.1000 0.1000
15.0000 0.8909 0.6755 0.0500 0.0500
15.0000 0.5715 0.4532 0.0500 0.0500
15.0000 0.8908 0.6264 0.0500 0.0500
15.0000 0.7678 0.2292 0.0500 0.0500
15.0000 0.5737 0.2964 0.0500 0.0500
15.0000 0.8243 0.6745 0.0500 0.0500
15.0000 0.8609 0.2162 0.0500 0.0500
15.0000 0.8853 0.5713 0.0500 0.0500
15.0000 0.3324 0.6516 0.0500 0.0500
15.0000 0.8178 0.5309 0.0500 0.0500
15.0000 0.5100 0.4382 0.0500 0.0500
15.0000 0.3570 0.1829 0.0500 0.0500
15.0000 0.3316 0.3636 0.0500 0.0500
15.0000 0.6447 0.3316 0.0500 0.0500
15.0000 0.5385 0.5931 0.0500 0.0500
15.0000 0.3388 0.7298 0.0500 0.0500
15.0000 0.3534 0.3491 0.0500 0.0500
15.0000 0.3820 0.2570 0.0500 0.0500
15.0000 0.5655 0.5137 0.0500 0.0500
15.0000 0.3743 0.6282 0.0500 0.0500
15.0000 0.7977 0.5261 0.0500 0.0500
15.0000 0.3055 0.3287 0.0500 0.0500
15.0000 0.2527 0.5259 0.0500 0.0500
15.0000 0.3036 0.4681 0.0500 0.0500
15.0000 0.7982 0.1868 0.0500 0.0500
15.0000 0.5233 0.2029 0.0500 0.0500
15.0000 0.2665 0.5485 0.0500 0.0500
15.0000 0.3512 0.3329 0.0500 0.0500
15.0000 0.8800 0.3277 0.0500 0.0500
15.0000 0.8506 0.5716 0.0500 0.0500
15.0000 0.3335 0.2181 0.0500 0.0500
15.0000 0.7661 0.6610 0.0500 0.0500
