0.0000 0.2389 0.7572 0.1000 0.1000
0.0000 0.4430 0.7572 0.1000 0.1000
0.0000 0.6471 0.7572 0.1000 0.1000
0.0000 0.8512 0.7572 0.1000 0.1000
1.0000 0.2208 0.7381 0.1000 0.1000
1.0000 0.2208 0.5755 0.1000 0.1000
1.0000 0.2208 0.4128 0.1000 0.1000
1.0000 0.2208 0.2502 0.1000 0.1000
8.0000 0.2541 0.5818 0.0500 0.0500
8.0000 0.7890 0.2184 0.0500 0.0500
8.0000 0.5804 0.3412 0.0500 0.0500
8.0000 0.7621 0.3965 0.0500 0.0500
8.0000 0.3757 0.5569 0.0500 0.0500
8.0000 0.8301 0.5264 0.0500 0.0500
8.0000 0.7010 0.6495 0.0500 0.0500
8.0000 0.6432 0.5830 0.0500 0.0500
8.0000 0.3438 0.4028 0.0500 0.0500
8.0000 0.3418 0.6653 0.0500 0.0500
8.0000 0.8030 0.2238 0.0500 0.0500
8.0000 0.8634 0.6302 0.0500 0.0500
8.0000 0.2615 0.2493 0.0500 0.0500
8.0000 0.3245 0.6527 0.0500 0.0500
8.0000 0.2575 0.3799 0.0500 0.0500
8.0000 0.3135 0.4928 0.0500 0.0500
8.0000 0.2993 0.5371 0.0500 0.0500
8.0000 0.8502 0.1829 0.0500 0.0500
8.0000 0.2665 0.1866 0.0500 0.0500
8.0000 0.8490 0.4540 0.0500 0.0500
8.0000 0.2761 0.2049 0.0500 0.0500
8.0000 0.8306 0.3113 0.0500 0.0500
8.0000 0.6448 0.7278 0.0500 0.0500
8.0000 0.7855 0.5418 0.0500 0.0500
8.0000 0.2995 0.3369 0.0500 0.0500
8.0000 0.4256 0.2136 0.0500 0.0500
8.0000 0.4276 0.2621 0.0500 0.0500
8.0000 0.6797 0.3666 0.0500 0.0500
8.0000 0.9198 0.7298 0.0500 0.0500
8.0000 0.7379 0.4641 0.0500 0.0500
8.0000 0.5030 0.3174 0.0500 0.0500
8.0000 0.3177 0.5921 0.0500 0.0500
8.0000 0.6110 0.6980 0.0500 0.0500
8.0000 0.7432 0.2137 0.0500 0.0500
8.0000 0.2987 0.6910 0.0500 0.0500
8.0000 0.4190 0.2590 0.0500 0.0500
8.0000 0.3610 0.5571 0.0500 0.0500
8.0000 0.3765 0.4601 0.0500 0.0500
8.0000 0.2542 0.5225 0.0500 0.0500
