0.0000 0.2532 0.7572 0.1000 0.1000
0.0000 0.5003 0.7572 0.1000 0.1000
0.0000 0.7475 0.7572 0.1000 0.1000
1.0000 0.2208 0.7431 0.1000 0.1000
1.0000 0.2208 0.6175 0.1000 0.1000
1.0000 0.2208 0.4919 0.1000 0.1000
1.0000 0.2208 0.3663 0.1000 0.1000
1.0000 0.2208 0.2407 0.1000 0.1000
9.0000 0.7539 0.7298 0.0500 0.0500
9.0000 0.7566 0.6055 0.0500 0.0500
9.0000 0.5858 0.3787 0.0500 0.0500
9.0000 0.9198 0.3633 0.0500 0.0500
9.0000 0.6503 0.6163 0.0500 0.0500
9.0000 0.4641 0.6215 0.0500 0.0500
9.0000 0.7937 0.7171 0.0500 0.0500
9.0000 0.2914 0.5918 0.0500 0.0500
9.0000 0.8347 0.3183 0.0500 0.0500
9.0000 0.8425 0.7141 0.0500 0.0500
9.0000 0.5436 0.5260 0.0500 0.0500
9.0000 0.8996 0.1829 0.0500 0.0500
9.0000 0.8991 0.2737 0.0500 0.0500
9.0000 0.2541 0.3372 0.0500 0.0500
9.0000 0.5823 0.2926 0.0500 0.0500
9.0000 0.5726 0.6013 0.0500 0.0500
9.0000 0.8566 0.3896 0.0500 0.0500
9.0000 0.6060 0.6835 0.0500 0.0500
9.0000 0.7025 0.4396 0.0500 0.0500
9.0000 0.3652 0.6346 0.0500 0.0500
9.0000 0.5651 0.5040 0.0500 0.0500
9.0000 0.7429 0.5199 0.0500 0.0500
9.0000 0.5426 0.6911 0.0500 0.0500
9.0000 0.6732 0.2566 0.0500 0.0500
9.0000 0.3558 0.4174 0.0500 0.0500
9.0000 0.7261 0.4634 0.0500 0.0500
9.0000 0.2910 0.7212 0.0500 0.0500
9.0000 0.6864 0.6038 0.0500 0.0500
9.0000 0.9032 0.6401 0.0500 0.0500
9.0000 0.7059 0.5344 0.0500 0.0500
9.0000 0.4284 0.4431 0.0500 0.0500
9.0000 0.8823 0.6557 0.0500 0.0500
