0.0000 0.2117 0.7572 0.1000 0.1000
0.0000 0.4040 0.7572 0.1000 0.1000
0.0000 0.5962 0.7572 0.1000 0.1000
0.0000 0.7884 0.7572 0.1000 0.1000
1.0000 0.1934 0.7323 0.1000 0.1000
1.0000 0.1934 0.6102 0.1000 0.1000
1.0000 0.1934 0.4881 0.1000 0.1000
1.0000 0.1934 0.3660 0.1000 0.1000
1.0000 0.1934 0.2439 0.1000 0.1000
8.0000 0.6502 0.6761 0.0500 0.0500
8.0000 0.8088 0.5882 0.0500 0.0500
8.0000 0.2280 0.2928 0.0500 0.0500
8.0000 0.2651 0.2928 0.0500 0.0500
8.0000 0.4187 0.4222 0.0500 0.0500
8.0000 0.8677 0.3514 0.0500 0.0500
8.0000 0.6574 0.1829 0.0500 0.0500
8.0000 0.4697 0.7298 0.0500 0.0500
8.0000 0.8751 0.2073 0.0500 0.0500
8.0000 0.6695 0.2610 0.0500 0.0500
8.0000 0.5895 0.6346 0.0500 0.0500
8.0000 0.6896 0.2586 0.0500 0.0500
8.0000 0.3426 0.3660 0.0500 0.0500
8.0000 0.5927 0.4173 0.0500 0.0500
8.0000 0.8625 0.5736 0.0500 0.0500
8.0000 0.9186 0.4539 0.0500 0.0500
8.0000 0.4587 0.2659 0.0500 0.0500
8.0000 0.3707 0.2781 0.0500 0.0500
8.0000 0.5410 0.3270 0.0500 0.0500
8.0000 0.2832 0.5833 0.0500 0.0500
8.0000 0.8418 0.6273 0.0500 0.0500
8.0000 0.2916 0.4588 0.0500 0.0500
8.0000 0.3264 0.6273 0.0500 0.0500
8.0000 0.7950 0.2855 0.0500 0.0500
8.0000 0.2598 0.2684 0.0500 0.0500
8.0000 0.3341 0.6859 0.0500 0.0500
8.0000 0.3672 0.6175 0.0500 0.0500
8.0000 0.7632 0.2000 0.0500 0.0500
8.0000 0.4117 0.3196 0.0500 0.0500
