0.0000 0.3817 0.7572 0.1000 0.1000
0.0000 0.5589 0.7572 0.1000 0.1000
0.0000 0.7361 0.7572 0.1000 0.1000
0.0000 0.9133 0.7572 0.1000 0.1000
1.0000 0.2208 0.7322 0.1000 0.1000
1.0000 0.2208 0.5858 0.1000 0.1000
1.0000 0.2208 0.4394 0.1000 0.1000
1.0000 0.2208 0.2930 0.1000 0.1000
9.0000 0.4162 0.3890 0.0500 0.0500
9.0000 0.6806 0.5993 0.0500 0.0500
9.0000 0.8534 0.7298 0.0500 0.0500
9.0000 0.7171 0.3250 0.0500 0.0500
9.0000 0.5938 0.5690 0.0500 0.0500
9.0000 0.7340 0.2327 0.0500 0.0500
9.0000 0.8933 0.4424 0.0500 0.0500
9.0000 0.3586 0.7111 0.0500 0.0500
9.0000 0.2528 0.5916 0.0500 0.0500
9.0000 0.6005 0.6797 0.0500 0.0500
9.0000 0.4107 0.4448 0.0500 0.0500
9.0000 0.3616 0.3781 0.0500 0.0500
9.0000 0.4963 0.7039 0.0500 0.0500
9.0000 0.8437 0.4700 0.0500 0.0500
9.0000 0.3599 0.3700 0.0500 0.0500
9.0000 0.8451 0.4607 0.0500 0.0500
9.0000 0.3008 0.7018 0.0500 0.0500
9.0000 0.7400 0.2526 0.0500 0.0500
9.0000 0.5357 0.5227 0.0500 0.0500
9.0000 0.5585 0.4217 0.0500 0.0500
9.0000 0.3498 0.6705 0.0500 0.0500
9.0000 0.8144 0.7048 0.0500 0.0500
9.0000 0.5847 0.1829 0.0500 0.0500
