0.0000 0.2664 0.7572 0.1000 0.1000
0.0000 0.4162 0.7572 0.1000 0.1000
0.0000 0.5661 0.7572 0.1000 0.1000
0.0000 0.7159 0.7572 0.1000 0.1000
0.0000 0.8657 0.7572 0.1000 0.1000
1.0000 0.2208 0.6039 0.1000 0.1000
1.0000 0.2208 0.4502 0.1000 0.1000
1.0000 0.2208 0.2966 0.1000 0.1000
19.0000 0.3644 0.6880 0.0500 0.0500
19.0000 0.7973 0.5889 0.0500 0.0500
19.0000 0.8466 0.2837 0.0500 0.0500
19.0000 0.9198 0.2542 0.0500 0.0500
19.0000 0.6650 0.6538 0.0500 0.0500
19.0000 0.5601 0.3891 0.0500 0.0500
19.0000 0.7716 0.4230 0.0500 0.0500
19.0000 0.3671 0.4221 0.0500 0.0500
19.0000 0.8430 0.4846 0.0500 0.0500
19.0000 0.3479 0.4622 0.0500 0.0500
19.0000 0.7020 0.6221 0.0500 0.0500
19.0000 0.2541 0.1829 0.0500 0.0500
19.0000 0.5434 0.7298 0.0500 0.0500
