0.0000 0.2308 0.7572 0.1000 0.1000
0.0000 0.4991 0.7572 0.1000 0.1000
0.0000 0.7674 0.7572 0.1000 0.1000
1.0000 0.2204 0.7331 0.1000 0.1000
1.0000 0.2204 0.5372 0.1000 0.1000
1.0000 0.2204 0.3413 0.1000 0.1000
14.0000 0.7803 0.2630 0.0500 0.0500
14.0000 0.4521 0.7259 0.0500 0.0500
14.0000 0.7732 0.5320 0.0500 0.0500
14.0000 0.4604 0.3769 0.0500 0.0500
14.0000 0.3766 0.4816 0.0500 0.0500
14.0000 0.6299 0.5222 0.0500 0.0500
14.0000 0.4678 0.1829 0.0500 0.0500
14.0000 0.3861 0.4884 0.0500 0.0500
14.0000 0.4442 0.2882 0.0500 0.0500
14.0000 0.4303 0.7298 0.0500 0.0500
14.0000 0.5385 0.5204 0.0500 0.0500
14.0000 0.8325 0.5813 0.0500 0.0500
14.0000 0.8208 0.4796 0.0500 0.0500
14.0000 0.2537 0.3976 0.0500 0.0500
14.0000 0.9198 0.3834 0.0500 0.0500
14.0000 0.3665 0.6747 0.0500 0.0500
14.0000 0.7505 0.4459 0.0500 0.0500
14.0000 0.7822 0.6803 0.0500 0.0500
14.0000 0.5129 0.1877 0.0500 0.0500
14.0000 0.3567 0.5686 0.0500 0.0500
14.0000 0.4803 0.7057 0.0500 0.0500
14.0000 0.8621 0.3491 0.0500 0.0500
