0.0000 0.2519 0.7572 0.1000 0.1000
0.0000 0.4171 0.7572 0.1000 0.1000
0.0000 0.5822 0.7572 0.1000 0.1000
0.0000 0.7474 0.7572 0.1000 0.1000
0.0000 0.9126 0.7572 0.1000 0.1000
1.0000 0.2208 0.6282 0.1000 0.1000
1.0000 0.2208 0.4893 0.1000 0.1000
1.0000 0.2208 0.3504 0.1000 0.1000
1.0000 0.2208 0.2115 0.1000 0.1000
2.0000 0.5406 0.4640 0.0500 0.0500
2.0000 0.8676 0.1918 0.0500 0.0500
2.0000 0.4618 0.6037 0.0500 0.0500
2.0000 0.2525 0.2643 0.0500 0.0500
2.0000 0.3969 0.6915 0.0500 0.0500
2.0000 0.5144 0.7298 0.0500 0.0500
2.0000 0.3137 0.1829 0.0500 0.0500
2.0000 0.8867 0.2190 0.0500 0.0500
2.0000 0.5120 0.2251 0.0500 0.0500
2.0000 0.4857 0.3393 0.0500 0.0500
2.0000 0.2939 0.4537 0.0500 0.0500
2.0000 0.6696 0.5157 0.0500 0.0500
2.0000 0.3196 0.5096 0.0500 0.0500
2.0000 0.4409 0.6851 0.0500 0.0500
2.0000 0.8306 0.6793 0.0500 0.0500
2.0000 0.5320 0.5248 0.0500 0.0500
