0.0000 0.2318 0.8900 0.1000 0.1000
0.0000 0.4479 0.8900 0.1000 0.1000
0.0000 0.6639 0.8900 0.1000 0.1000
0.0000 0.8799 0.8900 0.1000 0.1000
1.0000 0.1250 0.8550 0.1000 0.1000
1.0000 0.1250 0.6937 0.1000 0.1000
1.0000 0.1250 0.5324 0.1000 0.1000
1.0000 0.1250 0.3711 0.1000 0.1000
1.0000 0.1250 0.2098 0.1000 0.1000
4.0000 0.5986 0.5163 0.0500 0.0500
4.0000 0.5875 0.1582 0.0500 0.0500
4.0000 0.5741 0.8195 0.0500 0.0500
4.0000 0.1939 0.5002 0.0500 0.0500
4.0000 0.8560 0.2034 0.0500 0.0500
4.0000 0.5785 0.4389 0.0500 0.0500
4.0000 0.8648 0.4324 0.0500 0.0500
4.0000 0.8465 0.2421 0.0500 0.0500
4.0000 0.2936 0.1550 0.0500 0.0500
4.0000 0.7580 0.8550 0.0500 0.0500
4.0000 0.3977 0.1937 0.0500 0.0500
4.0000 0.4331 0.8324 0.0500 0.0500
4.0000 0.1602 0.4324 0.0500 0.0500
