0.0000 0.2334 0.7972 0.1300 0.1300
0.0000 0.4381 0.7972 0.1300 0.1300
0.0000 0.6427 0.7972 0.1300 0.1300
0.0000 0.8474 0.7972 0.1300 0.1300
1.0000 0.1658 0.7477 0.1300 0.1300
1.0000 0.1658 0.5946 0.1300 0.1300
1.0000 0.1658 0.4414 0.1300 0.1300
1.0000 0.1658 0.2883 0.1300 0.1300
20.0000 0.7641 0.2555 0.0500 0.0500
20.0000 0.3926 0.1847 0.0500 0.0500
20.0000 0.5450 0.7232 0.0500 0.0500
20.0000 0.6866 0.7038 0.0500 0.0500
20.0000 0.7274 0.4774 0.0500 0.0500
20.0000 0.9139 0.6767 0.0500 0.0500
20.0000 0.7987 0.6519 0.0500 0.0500
20.0000 0.4987 0.6903 0.0500 0.0500
20.0000 0.8211 0.6906 0.0500 0.0500
20.0000 0.5150 0.7298 0.0500 0.0500
20.0000 0.8418 0.3186 0.0500 0.0500
20.0000 0.5768 0.3241 0.0500 0.0500
20.0000 0.5664 0.6834 0.0500 0.0500
20.0000 0.4200 0.6154 0.0500 0.0500
20.0000 0.8800 0.5555 0.0500 0.0500
20.0000 0.5213 0.6813 0.0500 0.0500
20.0000 0.9198 0.2991 0.0500 0.0500
20.0000 0.7923 0.1829 0.0500 0.0500
20.0000 0.2541 0.7032 0.0500 0.0500
20.0000 0.4950 0.6915 0.0500 0.0500
