0.0000 0.1471 0.8900 0.1000 0.1000
0.0000 0.3898 0.8900 0.1000 0.1000
0.0000 0.6324 0.8900 0.1000 0.1000
0.0000 0.8751 0.8900 0.1000 0.1000
1.0000 0.1250 0.8852 0.1000 0.1000
1.0000 0.1250 0.6410 0.1000 0.1000
1.0000 0.1250 0.3968 0.1000 0.1000
1.0000 0.1250 0.1526 0.1000 0.1000
9.0000 0.2375 0.6059 0.0500 0.0500
9.0000 0.3406 0.1609 0.0500 0.0500
9.0000 0.2410 0.3570 0.0500 0.0500
9.0000 0.2436 0.3230 0.0500 0.0500
9.0000 0.7032 0.4670 0.0500 0.0500
9.0000 0.5748 0.8550 0.0500 0.0500
9.0000 0.2243 0.2336 0.0500 0.0500
9.0000 0.2697 0.4274 0.0500 0.0500
9.0000 0.7544 0.2578 0.0500 0.0500
9.0000 0.4876 0.1720 0.0500 0.0500
9.0000 0.2378 0.4762 0.0500 0.0500
9.0000 0.3649 0.2276 0.0500 0.0500
9.0000 0.8648 0.6965 0.0500 0.0500
9.0000 0.5003 0.1550 0.0500 0.0500
9.0000 0.6150 0.3335 0.0500 0.0500
9.0000 0.1602 0.5388 0.0500 0.0500
9.0000 0.8090 0.3728 0.0500 0.0500
9.0000 0.7909 0.6021 0.0500 0.0500
9.0000 0.6181 0.3770 0.0500 0.0500
9.0000 0.8474 0.7159 0.0500 0.0500
9.0000 0.4443 0.6317 0.0500 0.0500
9.0000 0.4127 0.8262 0.0500 0.0500
9.0000 0.7540 0.5313 0.0500 0.0500
9.0000 0.4998 0.6137 0.0500 0.0500
9.0000 0.3137 0.5798 0.0500 0.0500
9.0000 0.7815 0.5767 0.0500 0.0500
9.0000 0.7394 0.4910 0.0500 0.0500
9.0000 0.3820 0.6132 0.0500 0.0500
9.0000 0.7189 0.7863 0.0500 0.0500
9.0000 0.7959 0.6313 0.0500 0.0500
9.0000 0.5032 0.4559 0.0500 0.0500
