0.0000 0.2179 0.7972 0.1300 0.1300
0.0000 0.4735 0.7972 0.1300 0.1300
0.0000 0.7292 0.7972 0.1300 0.1300
1.0000 0.1384 0.7390 0.1300 0.1300
1.0000 0.1384 0.6164 0.1300 0.1300
1.0000 0.1384 0.4938 0.1300 0.1300
1.0000 0.1384 0.3711 0.1300 0.1300
1.0000 0.1384 0.2485 0.1300 0.1300
9.0000 0.6045 0.3386 0.0500 0.0500
9.0000 0.6961 0.2221 0.0500 0.0500
9.0000 0.3438 0.6544 0.0500 0.0500
9.0000 0.4338 0.4582 0.0500 0.0500
9.0000 0.7225 0.3601 0.0500 0.0500
9.0000 0.7935 0.2062 0.0500 0.0500
9.0000 0.2280 0.4870 0.0500 0.0500
9.0000 0.9186 0.2338 0.0500 0.0500
9.0000 0.4835 0.5692 0.0500 0.0500
9.0000 0.3086 0.7298 0.0500 0.0500
9.0000 0.7968 0.1829 0.0500 0.0500
9.0000 0.5397 0.6103 0.0500 0.0500
9.0000 0.2391 0.6139 0.0500 0.0500
9.0000 0.6981 0.2436 0.0500 0.0500
9.0000 0.6468 0.4141 0.0500 0.0500
9.0000 0.8864 0.6838 0.0500 0.0500
9.0000 0.4248 0.4079 0.0500 0.0500
