0.0000 0.2234 0.7972 0.1300 0.1300
0.0000 0.4420 0.7972 0.1300 0.1300
0.0000 0.6606 0.7972 0.1300 0.1300
0.0000 0.8793 0.7972 0.1300 0.1300
1.0000 0.1658 0.7443 0.1300 0.1300
1.0000 0.1658 0.5679 0.1300 0.1300
1.0000 0.1658 0.3914 0.1300 0.1300
1.0000 0.1658 0.2150 0.1300 0.1300
5.0000 0.2541 0.2690 0.0500 0.0500
5.0000 0.3154 0.3233 0.0500 0.0500
5.0000 0.8833 0.3618 0.0500 0.0500
5.0000 0.8866 0.2552 0.0500 0.0500
5.0000 0.5924 0.6561 0.0500 0.0500
5.0000 0.7899 0.6007 0.0500 0.0500
5.0000 0.5863 0.3290 0.0500 0.0500
5.0000 0.2742 0.7298 0.0500 0.0500
5.0000 0.9198 0.6836 0.0500 0.0500
5.0000 0.5050 0.1829 0.0500 0.0500
5.0000 0.6857 0.2616 0.0500 0.0500
5.0000 0.8948 0.3262 0.0500 0.0500
5.0000 0.4477 0.2729 0.0500 0.0500
5.0000 0.4430 0.4624 0.0500 0.0500
5.0000 0.8228 0.3092 0.0500 0.0500
