0.0000 0.3787 0.7972 0.1300 0.1300
0.0000 0.5569 0.7972 0.1300 0.1300
0.0000 0.7351 0.7972 0.1300 0.1300
0.0000 0.9133 0.7972 0.1300 0.1300
1.0000 0.1658 0.6007 0.1300 0.1300
1.0000 0.1658 0.4113 0.1300 0.1300
1.0000 0.1658 0.2219 0.1300 0.1300
3.0000 0.6186 0.2602 0.0500 0.0500
3.0000 0.6788 0.6582 0.0500 0.0500
3.0000 0.7348 0.4912 0.0500 0.0500
3.0000 0.6613 0.2651 0.0500 0.0500
3.0000 0.8937 0.6859 0.0500 0.0500
3.0000 0.8278 0.4128 0.0500 0.0500
3.0000 0.2528 0.4533 0.0500 0.0500
3.0000 0.3209 0.6791 0.0500 0.0500
3.0000 0.4107 0.7298 0.0500 0.0500
3.0000 0.5106 0.6927 0.0500 0.0500
3.0000 0.6628 0.1829 0.0500 0.0500
3.0000 0.4250 0.6321 0.0500 0.0500
