3.0000 0.3286 0.6138 0.1000 0.1000
3.0000 0.5586 0.5786 0.1000 0.1000
3.0000 0.4846 0.2952 0.1000 0.1000
3.0000 0.4720 0.3606 0.1000 0.1000
3.0000 0.4698 0.6777 0.1000 0.1000
3.0000 0.6452 0.4765 0.1000 0.1000
3.0000 0.3813 0.4627 0.1000 0.1000
3.0000 0.6403 0.5052 0.1000 0.1000
3.0000 0.8648 0.8532 0.1000 0.1000
3.0000 0.2126 0.2698 0.1000 0.1000
3.0000 0.7310 0.8550 0.1000 0.1000
3.0000 0.3323 0.5829 0.1000 0.1000
3.0000 0.2383 0.1986 0.1000 0.1000
3.0000 0.2152 0.1732 0.1000 0.1000
3.0000 0.2498 0.1674 0.1000 0.1000
3.0000 0.5214 0.7493 0.1000 0.1000
3.0000 0.5987 0.2949 0.1000 0.1000
3.0000 0.1602 0.4750 0.1000 0.1000
3.0000 0.6845 0.1550 0.1000 0.1000
3.0000 0.4869 0.8176 0.1000 0.1000
3.0000 0.6912 0.8492 0.1000 0.1000
3.0000 0.5541 0.5869 0.1000 0.1000
3.0000 0.4441 0.8368 0.1000 0.1000
