0.0000 0.2351 0.7972 0.1300 0.1300
0.0000 0.4815 0.7972 0.1300 0.1300
0.0000 0.7279 0.7972 0.1300 0.1300
1.0000 0.1658 0.5795 0.1300 0.1300
1.0000 0.1658 0.3805 0.1300 0.1300
1.0000 0.1658 0.1815 0.1300 0.1300
5.0000 0.9198 0.5850 0.0500 0.0500
5.0000 0.7511 0.1829 0.0500 0.0500
5.0000 0.8016 0.2198 0.0500 0.0500
5.0000 0.6008 0.6662 0.0500 0.0500
5.0000 0.3255 0.3010 0.0500 0.0500
5.0000 0.2541 0.5383 0.0500 0.0500
5.0000 0.7136 0.4031 0.0500 0.0500
5.0000 0.4827 0.3337 0.0500 0.0500
5.0000 0.4904 0.7055 0.0500 0.0500
5.0000 0.3992 0.6882 0.0500 0.0500
5.0000 0.4716 0.5043 0.0500 0.0500
5.0000 0.7617 0.7298 0.0500 0.0500
