0.0000 0.2524 0.7972 0.1300 0.1300
0.0000 0.4180 0.7972 0.1300 0.1300
0.0000 0.5836 0.7972 0.1300 0.1300
0.0000 0.7493 0.7972 0.1300 0.1300
0.0000 0.9149 0.7972 0.1300 0.1300
1.0000 0.1658 0.7406 0.1300 0.1300
1.0000 0.1658 0.5689 0.1300 0.1300
1.0000 0.1658 0.3972 0.1300 0.1300
1.0000 0.1658 0.2255 0.1300 0.1300
17.0000 0.4462 0.5732 0.0500 0.0500
17.0000 0.3833 0.3780 0.0500 0.0500
17.0000 0.6035 0.4623 0.0500 0.0500
17.0000 0.5290 0.3024 0.0500 0.0500
17.0000 0.2541 0.5169 0.0500 0.0500
17.0000 0.7840 0.4044 0.0500 0.0500
17.0000 0.3137 0.2349 0.0500 0.0500
17.0000 0.4909 0.6615 0.0500 0.0500
17.0000 0.8470 0.3321 0.0500 0.0500
17.0000 0.4114 0.5574 0.0500 0.0500
17.0000 0.8718 0.5487 0.0500 0.0500
17.0000 0.2988 0.4800 0.0500 0.0500
17.0000 0.5836 0.7039 0.0500 0.0500
17.0000 0.4098 0.3093 0.0500 0.0500
17.0000 0.6946 0.3009 0.0500 0.0500
17.0000 0.5224 0.3055 0.0500 0.0500
17.0000 0.3982 0.6383 0.0500 0.0500
17.0000 0.2640 0.4338 0.0500 0.0500
17.0000 0.9198 0.1898 0.0500 0.0500
17.0000 0.5456 0.2670 0.0500 0.0500
17.0000 0.8801 0.1829 0.0500 0.0500
17.0000 0.5538 0.6383 0.0500 0.0500
17.0000 0.5439 0.7221 0.0500 0.0500
17.0000 0.3286 0.3378 0.0500 0.0500
17.0000 0.3352 0.4065 0.0500 0.0500
17.0000 0.7178 0.6519 0.0500 0.0500
17.0000 0.5439 0.3376 0.0500 0.0500
17.0000 0.4396 0.2660 0.0500 0.0500
17.0000 0.3982 0.4987 0.0500 0.0500
17.0000 0.8884 0.4197 0.0500 0.0500
17.0000 0.6449 0.7298 0.0500 0.0500
17.0000 0.3137 0.5487 0.0500 0.0500
17.0000 0.4230 0.2585 0.0500 0.0500
