2.0000 0.2385 0.7365 0.1000 0.1000
2.0000 0.8648 0.2137 0.1000 0.1000
2.0000 0.3872 0.6215 0.1000 0.1000
2.0000 0.7943 0.5231 0.1000 0.1000
2.0000 0.2385 0.5853 0.1000 0.1000
2.0000 0.1994 0.4213 0.1000 0.1000
2.0000 0.8256 0.8550 0.1000 0.1000
2.0000 0.8569 0.4071 0.1000 0.1000
2.0000 0.8021 0.3998 0.1000 0.1000
2.0000 0.4499 0.2270 0.1000 0.1000
2.0000 0.1837 0.5936 0.1000 0.1000
2.0000 0.7630 0.1550 0.1000 0.1000
2.0000 0.2777 0.3841 0.1000 0.1000
2.0000 0.1602 0.2803 0.1000 0.1000
2.0000 0.3246 0.6063 0.1000 0.1000
2.0000 0.3246 0.2167 0.1000 0.1000
2.0000 0.8335 0.7698 0.1000 0.1000
2.0000 0.7787 0.8149 0.1000 0.1000
2.0000 0.8021 0.3302 0.1000 0.1000
