6.0000 0.6280 0.3061 0.1000 0.1000
6.0000 0.6262 0.4783 0.1000 0.1000
6.0000 0.6409 0.6546 0.1000 0.1000
6.0000 0.2047 0.2403 0.1000 0.1000
6.0000 0.4219 0.6528 0.1000 0.1000
6.0000 0.3267 0.3974 0.1000 0.1000
6.0000 0.5167 0.7754 0.1000 0.1000
6.0000 0.5858 0.5542 0.1000 0.1000
6.0000 0.7710 0.8211 0.1000 0.1000
6.0000 0.2864 0.4401 0.1000 0.1000
6.0000 0.8648 0.5824 0.1000 0.1000
6.0000 0.4809 0.3420 0.1000 0.1000
6.0000 0.7208 0.7983 0.1000 0.1000
6.0000 0.4334 0.2209 0.1000 0.1000
6.0000 0.5514 0.6534 0.1000 0.1000
6.0000 0.3311 0.8450 0.1000 0.1000
6.0000 0.3601 0.3600 0.1000 0.1000
6.0000 0.4286 0.8333 0.1000 0.1000
6.0000 0.8422 0.1550 0.1000 0.1000
6.0000 0.8167 0.5627 0.1000 0.1000
6.0000 0.5735 0.5248 0.1000 0.1000
6.0000 0.6975 0.2825 0.1000 0.1000
6.0000 0.6884 0.7161 0.1000 0.1000
6.0000 0.6379 0.3301 0.1000 0.1000
6.0000 0.2216 0.2106 0.1000 0.1000
6.0000 0.4833 0.5242 0.1000 0.1000
6.0000 0.3301 0.6754 0.1000 0.1000
6.0000 0.7869 0.5180 0.1000 0.1000
6.0000 0.1602 0.8219 0.1000 0.1000
6.0000 0.3507 0.6828 0.1000 0.1000
6.0000 0.6069 0.8550 0.1000 0.1000
6.0000 0.5361 0.8330 0.1000 0.1000
6.0000 0.8642 0.3190 0.1000 0.1000
