16.0000 0.5757 0.3299 0.1000 0.1000
16.0000 0.4323 0.5854 0.1000 0.1000
16.0000 0.7603 0.3570 0.1000 0.1000
16.0000 0.3813 0.5500 0.1000 0.1000
16.0000 0.4469 0.3346 0.1000 0.1000
16.0000 0.4396 0.7693 0.1000 0.1000
16.0000 0.3400 0.3752 0.1000 0.1000
16.0000 0.2210 0.1550 0.1000 0.1000
16.0000 0.6753 0.1604 0.1000 0.1000
16.0000 0.6607 0.8550 0.1000 0.1000
16.0000 0.8599 0.6228 0.1000 0.1000
16.0000 0.3546 0.4359 0.1000 0.1000
16.0000 0.6510 0.4582 0.1000 0.1000
16.0000 0.5004 0.1623 0.1000 0.1000
16.0000 0.4275 0.4898 0.1000 0.1000
16.0000 0.4105 0.3635 0.1000 0.1000
16.0000 0.6704 0.7773 0.1000 0.1000
16.0000 0.3497 0.5973 0.1000 0.1000
16.0000 0.3935 0.8452 0.1000 0.1000
16.0000 0.8551 0.6546 0.1000 0.1000
16.0000 0.5830 0.1550 0.1000 0.1000
16.0000 0.8648 0.2922 0.1000 0.1000
16.0000 0.8186 0.2946 0.1000 0.1000
16.0000 0.1602 0.6669 0.1000 0.1000
16.0000 0.4809 0.6343 0.1000 0.1000
16.0000 0.3011 0.7555 0.1000 0.1000
16.0000 0.8089 0.6857 0.1000 0.1000
16.0000 0.1918 0.7654 0.1000 0.1000
16.0000 0.2234 0.7833 0.1000 0.1000
16.0000 0.5587 0.6669 0.1000 0.1000
16.0000 0.1748 0.4374 0.1000 0.1000
16.0000 0.5319 0.3537 0.1000 0.1000
16.0000 0.6971 0.5868 0.1000 0.1000
16.0000 0.1724 0.2530 0.1000 0.1000
16.0000 0.5271 0.1825 0.1000 0.1000
