5.0000 0.5351 0.7398 0.1000 0.1000
5.0000 0.3260 0.4796 0.1000 0.1000
5.0000 0.4931 0.2626 0.1000 0.1000
5.0000 0.2135 0.4701 0.1000 0.1000
5.0000 0.1798 0.8407 0.1000 0.1000
5.0000 0.8438 0.2870 0.1000 0.1000
5.0000 0.2977 0.4568 0.1000 0.1000
5.0000 0.1602 0.8505 0.1000 0.1000
5.0000 0.4168 0.5581 0.1000 0.1000
5.0000 0.6434 0.5228 0.1000 0.1000
5.0000 0.8235 0.5159 0.1000 0.1000
5.0000 0.8648 0.4785 0.1000 0.1000
5.0000 0.6630 0.5440 0.1000 0.1000
5.0000 0.3428 0.5170 0.1000 0.1000
5.0000 0.2605 0.4911 0.1000 0.1000
5.0000 0.3740 0.4534 0.1000 0.1000
5.0000 0.2241 0.2898 0.1000 0.1000
5.0000 0.3666 0.2398 0.1000 0.1000
5.0000 0.6738 0.1550 0.1000 0.1000
5.0000 0.5651 0.3180 0.1000 0.1000
5.0000 0.3514 0.3502 0.1000 0.1000
5.0000 0.4607 0.8319 0.1000 0.1000
5.0000 0.4733 0.7682 0.1000 0.1000
5.0000 0.8319 0.5608 0.1000 0.1000
5.0000 0.5343 0.2083 0.1000 0.1000
5.0000 0.3572 0.8550 0.1000 0.1000
5.0000 0.4134 0.5039 0.1000 0.1000
5.0000 0.7897 0.3428 0.1000 0.1000
5.0000 0.5655 0.3721 0.1000 0.1000
5.0000 0.1951 0.6358 0.1000 0.1000
5.0000 0.8422 0.5529 0.1000 0.1000
5.0000 0.5143 0.7952 0.1000 0.1000
5.0000 0.4470 0.5265 0.1000 0.1000
5.0000 0.5183 0.4298 0.1000 0.1000
5.0000 0.4016 0.7045 0.1000 0.1000
5.0000 0.7721 0.4236 0.1000 0.1000
