6.0000 0.6279 0.7790 0.1000 0.1000
6.0000 0.3845 0.4102 0.1000 0.1000
6.0000 0.3009 0.2204 0.1000 0.1000
6.0000 0.5960 0.1860 0.1000 0.1000
6.0000 0.6593 0.1955 0.1000 0.1000
6.0000 0.3947 0.3255 0.1000 0.1000
6.0000 0.6619 0.2283 0.1000 0.1000
6.0000 0.4599 0.6717 0.1000 0.1000
6.0000 0.5950 0.2834 0.1000 0.1000
6.0000 0.5457 0.5531 0.1000 0.1000
6.0000 0.2481 0.1838 0.1000 0.1000
6.0000 0.3817 0.7985 0.1000 0.1000
6.0000 0.8648 0.6318 0.1000 0.1000
6.0000 0.6932 0.8238 0.1000 0.1000
6.0000 0.6148 0.4912 0.1000 0.1000
6.0000 0.3609 0.6063 0.1000 0.1000
6.0000 0.6306 0.6155 0.1000 0.1000
6.0000 0.4656 0.1550 0.1000 0.1000
6.0000 0.4072 0.7630 0.1000 0.1000
6.0000 0.7357 0.5528 0.1000 0.1000
6.0000 0.2863 0.3038 0.1000 0.1000
6.0000 0.3577 0.6818 0.1000 0.1000
6.0000 0.3564 0.8550 0.1000 0.1000
6.0000 0.6178 0.3945 0.1000 0.1000
6.0000 0.3645 0.2432 0.1000 0.1000
6.0000 0.5079 0.4749 0.1000 0.1000
6.0000 0.6212 0.7773 0.1000 0.1000
6.0000 0.3817 0.7877 0.1000 0.1000
6.0000 0.1602 0.7811 0.1000 0.1000
6.0000 0.6942 0.4952 0.1000 0.1000
6.0000 0.2000 0.3005 0.1000 0.1000
6.0000 0.6273 0.1623 0.1000 0.1000
6.0000 0.4743 0.5487 0.1000 0.1000
6.0000 0.5024 0.8083 0.1000 0.1000
6.0000 0.7644 0.7706 0.1000 0.1000
6.0000 0.5030 0.2606 0.1000 0.1000
6.0000 0.3601 0.1667 0.1000 0.1000
