5.0000 0.7862 0.4769 0.1000 0.1000
5.0000 0.4510 0.1850 0.1000 0.1000
5.0000 0.7412 0.5603 0.1000 0.1000
5.0000 0.8408 0.5369 0.1000 0.1000
5.0000 0.7373 0.7533 0.1000 0.1000
5.0000 0.3562 0.7055 0.1000 0.1000
5.0000 0.1869 0.6798 0.1000 0.1000
5.0000 0.4824 0.5589 0.1000 0.1000
5.0000 0.2283 0.4600 0.1000 0.1000
5.0000 0.8246 0.6095 0.1000 0.1000
5.0000 0.6500 0.4113 0.1000 0.1000
5.0000 0.3951 0.5251 0.1000 0.1000
5.0000 0.3933 0.2838 0.1000 0.1000
5.0000 0.1602 0.1737 0.1000 0.1000
5.0000 0.8543 0.4015 0.1000 0.1000
5.0000 0.3409 0.3166 0.1000 0.1000
5.0000 0.7600 0.6863 0.1000 0.1000
5.0000 0.5116 0.4333 0.1000 0.1000
5.0000 0.7530 0.7589 0.1000 0.1000
5.0000 0.6653 0.6114 0.1000 0.1000
5.0000 0.5810 0.4478 0.1000 0.1000
5.0000 0.8648 0.8550 0.1000 0.1000
5.0000 0.4715 0.5153 0.1000 0.1000
5.0000 0.6570 0.2876 0.1000 0.1000
5.0000 0.2174 0.1550 0.1000 0.1000
