0.0000 0.2471 0.7972 0.1300 0.1300
0.0000 0.4844 0.7972 0.1300 0.1300
0.0000 0.7218 0.7972 0.1300 0.1300
1.0000 0.1658 0.7337 0.1300 0.1300
1.0000 0.1658 0.5491 0.1300 0.1300
1.0000 0.1658 0.3645 0.1300 0.1300
1.0000 0.1658 0.1799 0.1300 0.1300
8.0000 0.5464 0.2088 0.0500 0.0500
8.0000 0.5301 0.6525 0.0500 0.0500
8.0000 0.7268 0.2021 0.0500 0.0500
8.0000 0.5585 0.3980 0.0500 0.0500
8.0000 0.7192 0.6796 0.0500 0.0500
8.0000 0.6401 0.2482 0.0500 0.0500
8.0000 0.4377 0.4230 0.0500 0.0500
8.0000 0.2541 0.6996 0.0500 0.0500
8.0000 0.6020 0.2397 0.0500 0.0500
8.0000 0.4076 0.4475 0.0500 0.0500
8.0000 0.4453 0.5907 0.0500 0.0500
8.0000 0.5845 0.5788 0.0500 0.0500
8.0000 0.4856 0.2513 0.0500 0.0500
8.0000 0.8686 0.7298 0.0500 0.0500
8.0000 0.6546 0.2637 0.0500 0.0500
8.0000 0.2926 0.5795 0.0500 0.0500
8.0000 0.4620 0.2458 0.0500 0.0500
8.0000 0.4155 0.6705 0.0500 0.0500
8.0000 0.7440 0.5547 0.0500 0.0500
8.0000 0.5312 0.4158 0.0500 0.0500
8.0000 0.6446 0.1829 0.0500 0.0500
8.0000 0.2731 0.3836 0.0500 0.0500
8.0000 0.6381 0.6996 0.0500 0.0500
8.0000 0.5950 0.6664 0.0500 0.0500
8.0000 0.6080 0.2805 0.0500 0.0500
8.0000 0.6268 0.4396 0.0500 0.0500
8.0000 0.8524 0.6353 0.0500 0.0500
8.0000 0.6541 0.5124 0.0500 0.0500
8.0000 0.9144 0.3244 0.0500 0.0500
8.0000 0.7798 0.3417 0.0500 0.0500
8.0000 0.9198 0.1943 0.0500 0.0500
8.0000 0.8390 0.6598 0.0500 0.0500
8.0000 0.5918 0.5089 0.0500 0.0500
8.0000 0.6464 0.5666 0.0500 0.0500
8.0000 0.3069 0.2088 0.0500 0.0500
