4.0000 0.1606 0.5610 0.1000 0.1000
4.0000 0.3549 0.4605 0.1000 0.1000
4.0000 0.2327 0.3654 0.1000 0.1000
4.0000 0.8202 0.7166 0.1000 0.1000
4.0000 0.7064 0.7441 0.1000 0.1000
4.0000 0.7300 0.7359 0.1000 0.1000
4.0000 0.6957 0.8550 0.1000 0.1000
4.0000 0.5329 0.3909 0.1000 0.1000
4.0000 0.7470 0.4729 0.1000 0.1000
4.0000 0.2256 0.2916 0.1000 0.1000
4.0000 0.6815 0.5708 0.1000 0.1000
4.0000 0.1602 0.2836 0.1000 0.1000
4.0000 0.8648 0.6236 0.1000 0.1000
4.0000 0.8310 0.3093 0.1000 0.1000
4.0000 0.3565 0.2128 0.1000 0.1000
4.0000 0.1874 0.1550 0.1000 0.1000
4.0000 0.3694 0.2507 0.1000 0.1000
4.0000 0.4750 0.3804 0.1000 0.1000
4.0000 0.7133 0.4638 0.1000 0.1000
4.0000 0.5007 0.4386 0.1000 0.1000
4.0000 0.2509 0.7126 0.1000 0.1000
4.0000 0.7411 0.5929 0.1000 0.1000
4.0000 0.3808 0.5739 0.1000 0.1000
4.0000 0.4218 0.4249 0.1000 0.1000
4.0000 0.2435 0.5079 0.1000 0.1000
4.0000 0.5002 0.8486 0.1000 0.1000
4.0000 0.5415 0.7784 0.1000 0.1000
4.0000 0.4202 0.6970 0.1000 0.1000
4.0000 0.4456 0.8073 0.1000 0.1000
4.0000 0.8503 0.8118 0.1000 0.1000
