9.0000 0.4574 0.4083 0.1000 0.1000
9.0000 0.1911 0.3392 0.1000 0.1000
9.0000 0.4530 0.4797 0.1000 0.1000
9.0000 0.6877 0.5303 0.1000 0.1000
9.0000 0.2404 0.4797 0.1000 0.1000
9.0000 0.5372 0.1757 0.1000 0.1000
9.0000 0.4668 0.3139 0.1000 0.1000
9.0000 0.7958 0.5879 0.1000 0.1000
9.0000 0.2625 0.2379 0.1000 0.1000
9.0000 0.5310 0.8550 0.1000 0.1000
9.0000 0.2629 0.3899 0.1000 0.1000
9.0000 0.8564 0.1550 0.1000 0.1000
9.0000 0.2411 0.4244 0.1000 0.1000
9.0000 0.5045 0.3899 0.1000 0.1000
9.0000 0.1932 0.5603 0.1000 0.1000
9.0000 0.4595 0.2494 0.1000 0.1000
9.0000 0.7824 0.6247 0.1000 0.1000
9.0000 0.5506 0.7468 0.1000 0.1000
9.0000 0.5169 0.4244 0.1000 0.1000
9.0000 0.3101 0.3369 0.1000 0.1000
9.0000 0.4258 0.2103 0.1000 0.1000
9.0000 0.6562 0.2540 0.1000 0.1000
9.0000 0.1602 0.3047 0.1000 0.1000
9.0000 0.2059 0.7491 0.1000 0.1000
9.0000 0.8343 0.2932 0.1000 0.1000
9.0000 0.5887 0.4751 0.1000 0.1000
9.0000 0.6700 0.1665 0.1000 0.1000
9.0000 0.7636 0.7698 0.1000 0.1000
9.0000 0.5067 0.5511 0.1000 0.1000
9.0000 0.5038 0.7836 0.1000 0.1000
9.0000 0.6895 0.1918 0.1000 0.1000
9.0000 0.5045 0.2932 0.1000 0.1000
9.0000 0.6747 0.5626 0.1000 0.1000
9.0000 0.8387 0.3830 0.1000 0.1000
9.0000 0.8648 0.2955 0.1000 0.1000
9.0000 0.4679 0.2724 0.1000 0.1000
