0.0000 0.2406 0.7972 0.1300 0.1300
0.0000 0.4648 0.7972 0.1300 0.1300
0.0000 0.6890 0.7972 0.1300 0.1300
0.0000 0.9131 0.7972 0.1300 0.1300
1.0000 0.1658 0.7333 0.1300 0.1300
1.0000 0.1658 0.6092 0.1300 0.1300
1.0000 0.1658 0.4852 0.1300 0.1300
1.0000 0.1658 0.3611 0.1300 0.1300
1.0000 0.1658 0.2370 0.1300 0.1300
14.0000 0.4513 0.4737 0.0500 0.0500
14.0000 0.8862 0.1856 0.0500 0.0500
14.0000 0.8593 0.3583 0.0500 0.0500
14.0000 0.8145 0.5261 0.0500 0.0500
14.0000 0.3168 0.2385 0.0500 0.0500
14.0000 0.5276 0.4253 0.0500 0.0500
14.0000 0.7988 0.3142 0.0500 0.0500
14.0000 0.2563 0.5601 0.0500 0.0500
14.0000 0.2720 0.1829 0.0500 0.0500
14.0000 0.4334 0.4819 0.0500 0.0500
14.0000 0.4670 0.7298 0.0500 0.0500
14.0000 0.8885 0.4427 0.0500 0.0500
14.0000 0.4087 0.4239 0.0500 0.0500
14.0000 0.7114 0.5450 0.0500 0.0500
14.0000 0.9198 0.2990 0.0500 0.0500
14.0000 0.4312 0.2978 0.0500 0.0500
14.0000 0.3774 0.5703 0.0500 0.0500
14.0000 0.7674 0.3814 0.0500 0.0500
14.0000 0.5746 0.1903 0.0500 0.0500
14.0000 0.7159 0.7010 0.0500 0.0500
14.0000 0.7271 0.2258 0.0500 0.0500
14.0000 0.3975 0.6822 0.0500 0.0500
14.0000 0.7293 0.6283 0.0500 0.0500
14.0000 0.2787 0.5842 0.0500 0.0500
14.0000 0.4267 0.5757 0.0500 0.0500
14.0000 0.5500 0.2559 0.0500 0.0500
14.0000 0.2541 0.5090 0.0500 0.0500
14.0000 0.9154 0.2961 0.0500 0.0500
14.0000 0.2877 0.5556 0.0500 0.0500
