0.0000 0.2403 0.7972 0.1300 0.1300
0.0000 0.4643 0.7972 0.1300 0.1300
0.0000 0.6883 0.7972 0.1300 0.1300
0.0000 0.9123 0.7972 0.1300 0.1300
1.0000 0.1658 0.5845 0.1300 0.1300
1.0000 0.1658 0.3878 0.1300 0.1300
1.0000 0.1658 0.1912 0.1300 0.1300
7.0000 0.7219 0.3132 0.0500 0.0500
7.0000 0.6166 0.1905 0.0500 0.0500
7.0000 0.7900 0.5953 0.0500 0.0500
7.0000 0.8715 0.2536 0.0500 0.0500
7.0000 0.2703 0.3171 0.0500 0.0500
7.0000 0.5942 0.6089 0.0500 0.0500
7.0000 0.2891 0.1829 0.0500 0.0500
7.0000 0.4262 0.6051 0.0500 0.0500
7.0000 0.7654 0.5356 0.0500 0.0500
7.0000 0.3008 0.2002 0.0500 0.0500
7.0000 0.8169 0.2858 0.0500 0.0500
7.0000 0.7855 0.2320 0.0500 0.0500
7.0000 0.3420 0.6914 0.0500 0.0500
7.0000 0.8841 0.4466 0.0500 0.0500
7.0000 0.6444 0.6588 0.0500 0.0500
7.0000 0.3344 0.5605 0.0500 0.0500
7.0000 0.7474 0.2905 0.0500 0.0500
7.0000 0.6516 0.5060 0.0500 0.0500
7.0000 0.5476 0.3370 0.0500 0.0500
7.0000 0.6668 0.4440 0.0500 0.0500
7.0000 0.7842 0.5634 0.0500 0.0500
7.0000 0.6426 0.5433 0.0500 0.0500
7.0000 0.7026 0.2329 0.0500 0.0500
7.0000 0.4329 0.5864 0.0500 0.0500
7.0000 0.7031 0.6786 0.0500 0.0500
7.0000 0.7022 0.2222 0.0500 0.0500
7.0000 0.7698 0.3192 0.0500 0.0500
7.0000 0.5481 0.2618 0.0500 0.0500
7.0000 0.4016 0.4577 0.0500 0.0500
7.0000 0.4280 0.5664 0.0500 0.0500
7.0000 0.6005 0.5162 0.0500 0.0500
7.0000 0.3536 0.5474 0.0500 0.0500
7.0000 0.5324 0.7298 0.0500 0.0500
7.0000 0.5427 0.2992 0.0500 0.0500
7.0000 0.4114 0.4729 0.0500 0.0500
7.0000 0.7385 0.5077 0.0500 0.0500
7.0000 0.4473 0.6881 0.0500 0.0500
7.0000 0.6802 0.6118 0.0500 0.0500
7.0000 0.2524 0.2137 0.0500 0.0500
