14.0000 0.1602 0.6903 0.1000 0.1000
14.0000 0.2524 0.5254 0.1000 0.1000
14.0000 0.2485 0.3250 0.1000 0.1000
14.0000 0.6231 0.5161 0.1000 0.1000
14.0000 0.2417 0.2518 0.1000 0.1000
14.0000 0.2406 0.6470 0.1000 0.1000
14.0000 0.8648 0.8550 0.1000 0.1000
14.0000 0.8423 0.3350 0.1000 0.1000
14.0000 0.6131 0.4285 0.1000 0.1000
14.0000 0.7245 0.4753 0.1000 0.1000
14.0000 0.4047 0.5907 0.1000 0.1000
14.0000 0.8188 0.4323 0.1000 0.1000
14.0000 0.8526 0.4628 0.1000 0.1000
14.0000 0.3320 0.5929 0.1000 0.1000
14.0000 0.4505 0.3984 0.1000 0.1000
14.0000 0.2576 0.6165 0.1000 0.1000
14.0000 0.3339 0.5769 0.1000 0.1000
14.0000 0.4161 0.3351 0.1000 0.1000
14.0000 0.8128 0.4505 0.1000 0.1000
14.0000 0.6761 0.4749 0.1000 0.1000
14.0000 0.4964 0.4680 0.1000 0.1000
14.0000 0.6968 0.7938 0.1000 0.1000
14.0000 0.4791 0.5378 0.1000 0.1000
14.0000 0.6940 0.7292 0.1000 0.1000
14.0000 0.8141 0.3165 0.1000 0.1000
14.0000 0.5028 0.8157 0.1000 0.1000
14.0000 0.5745 0.3281 0.1000 0.1000
14.0000 0.3757 0.2906 0.1000 0.1000
14.0000 0.6987 0.8416 0.1000 0.1000
14.0000 0.5790 0.1550 0.1000 0.1000
14.0000 0.5654 0.2708 0.1000 0.1000
14.0000 0.2283 0.4358 0.1000 0.1000
14.0000 0.2551 0.3655 0.1000 0.1000
14.0000 0.6751 0.2845 0.1000 0.1000
14.0000 0.4885 0.6965 0.1000 0.1000
14.0000 0.7431 0.8056 0.1000 0.1000
