4.0000 0.7346 0.5440 0.1000 0.1000
4.0000 0.4487 0.2071 0.1000 0.1000
4.0000 0.3153 0.6831 0.1000 0.1000
4.0000 0.7878 0.4092 0.1000 0.1000
4.0000 0.8298 0.1758 0.1000 0.1000
4.0000 0.3744 0.7143 0.1000 0.1000
4.0000 0.3952 0.7055 0.1000 0.1000
4.0000 0.8648 0.6211 0.1000 0.1000
4.0000 0.2580 0.6655 0.1000 0.1000
4.0000 0.4023 0.2359 0.1000 0.1000
4.0000 0.5551 0.4874 0.1000 0.1000
4.0000 0.6780 0.5234 0.1000 0.1000
4.0000 0.1602 0.3544 0.1000 0.1000
4.0000 0.2233 0.1980 0.1000 0.1000
4.0000 0.1965 0.1977 0.1000 0.1000
4.0000 0.1894 0.4994 0.1000 0.1000
4.0000 0.4487 0.6294 0.1000 0.1000
4.0000 0.5996 0.7618 0.1000 0.1000
4.0000 0.8580 0.7997 0.1000 0.1000
4.0000 0.3798 0.3683 0.1000 0.1000
4.0000 0.5141 0.2597 0.1000 0.1000
4.0000 0.3674 0.4225 0.1000 0.1000
4.0000 0.4764 0.6118 0.1000 0.1000
4.0000 0.7289 0.5720 0.1000 0.1000
4.0000 0.8528 0.1790 0.1000 0.1000
4.0000 0.7502 0.3619 0.1000 0.1000
4.0000 0.7234 0.6548 0.1000 0.1000
4.0000 0.7175 0.1550 0.1000 0.1000
4.0000 0.4185 0.8208 0.1000 0.1000
4.0000 0.6749 0.8550 0.1000 0.1000
4.0000 0.5734 0.2420 0.1000 0.1000
