0.0000 0.2289 0.7972 0.1300 0.1300
0.0000 0.4858 0.7972 0.1300 0.1300
0.0000 0.7426 0.7972 0.1300 0.1300
1.0000 0.1658 0.6684 0.1300 0.1300
1.0000 0.1658 0.5315 0.1300 0.1300
1.0000 0.1658 0.3946 0.1300 0.1300
1.0000 0.1658 0.2577 0.1300 0.1300
16.0000 0.7852 0.6417 0.0500 0.0500
16.0000 0.3779 0.6302 0.0500 0.0500
16.0000 0.3008 0.6189 0.0500 0.0500
16.0000 0.5595 0.6708 0.0500 0.0500
16.0000 0.4698 0.4616 0.0500 0.0500
16.0000 0.4796 0.2835 0.0500 0.0500
16.0000 0.8834 0.4812 0.0500 0.0500
16.0000 0.4259 0.1829 0.0500 0.0500
16.0000 0.6774 0.3049 0.0500 0.0500
16.0000 0.7850 0.4299 0.0500 0.0500
16.0000 0.4547 0.3130 0.0500 0.0500
16.0000 0.9198 0.3046 0.0500 0.0500
16.0000 0.5212 0.2478 0.0500 0.0500
16.0000 0.8343 0.7202 0.0500 0.0500
16.0000 0.8674 0.4638 0.0500 0.0500
16.0000 0.7416 0.3384 0.0500 0.0500
16.0000 0.4144 0.5720 0.0500 0.0500
16.0000 0.8744 0.3071 0.0500 0.0500
16.0000 0.3044 0.5198 0.0500 0.0500
16.0000 0.7696 0.3262 0.0500 0.0500
16.0000 0.5094 0.3147 0.0500 0.0500
16.0000 0.7637 0.7298 0.0500 0.0500
16.0000 0.8330 0.5951 0.0500 0.0500
16.0000 0.5302 0.4816 0.0500 0.0500
16.0000 0.4742 0.4104 0.0500 0.0500
16.0000 0.2541 0.5120 0.0500 0.0500
16.0000 0.5112 0.5855 0.0500 0.0500
