0.0000 0.2364 0.7972 0.1300 0.1300
0.0000 0.4059 0.7972 0.1300 0.1300
0.0000 0.5753 0.7972 0.1300 0.1300
0.0000 0.7447 0.7972 0.1300 0.1300
0.0000 0.9142 0.7972 0.1300 0.1300
1.0000 0.1658 0.7354 0.1300 0.1300
1.0000 0.1658 0.5367 0.1300 0.1300
1.0000 0.1658 0.3379 0.1300 0.1300
13.0000 0.3768 0.7139 0.0500 0.0500
13.0000 0.8317 0.2954 0.0500 0.0500
13.0000 0.7061 0.4297 0.0500 0.0500
13.0000 0.4916 0.6003 0.0500 0.0500
13.0000 0.6071 0.3689 0.0500 0.0500
13.0000 0.4021 0.2513 0.0500 0.0500
13.0000 0.5263 0.1928 0.0500 0.0500
13.0000 0.6366 0.3180 0.0500 0.0500
13.0000 0.3169 0.4210 0.0500 0.0500
13.0000 0.4089 0.4945 0.0500 0.0500
13.0000 0.7879 0.7290 0.0500 0.0500
13.0000 0.3135 0.1920 0.0500 0.0500
13.0000 0.3730 0.2560 0.0500 0.0500
13.0000 0.2773 0.6543 0.0500 0.0500
13.0000 0.7313 0.2521 0.0500 0.0500
13.0000 0.2551 0.5673 0.0500 0.0500
13.0000 0.4996 0.5768 0.0500 0.0500
13.0000 0.8863 0.1829 0.0500 0.0500
13.0000 0.7554 0.3248 0.0500 0.0500
13.0000 0.4592 0.7298 0.0500 0.0500
13.0000 0.8111 0.5601 0.0500 0.0500
13.0000 0.4658 0.3614 0.0500 0.0500
13.0000 0.5688 0.6694 0.0500 0.0500
13.0000 0.3854 0.7123 0.0500 0.0500
13.0000 0.4275 0.2270 0.0500 0.0500
13.0000 0.5757 0.6265 0.0500 0.0500
13.0000 0.9172 0.2223 0.0500 0.0500
13.0000 0.2540 0.3526 0.0500 0.0500
13.0000 0.6675 0.6106 0.0500 0.0500
13.0000 0.2658 0.6209 0.0500 0.0500
