0.0000 0.2466 0.7972 0.1300 0.1300
0.0000 0.4079 0.7972 0.1300 0.1300
0.0000 0.5691 0.7972 0.1300 0.1300
0.0000 0.7304 0.7972 0.1300 0.1300
0.0000 0.8917 0.7972 0.1300 0.1300
1.0000 0.1658 0.7424 0.1300 0.1300
1.0000 0.1658 0.6114 0.1300 0.1300
1.0000 0.1658 0.4805 0.1300 0.1300
1.0000 0.1658 0.3495 0.1300 0.1300
1.0000 0.1658 0.2185 0.1300 0.1300
2.0000 0.4522 0.6994 0.0500 0.0500
2.0000 0.4540 0.5145 0.0500 0.0500
2.0000 0.7158 0.5915 0.0500 0.0500
2.0000 0.5621 0.5795 0.0500 0.0500
2.0000 0.9041 0.6518 0.0500 0.0500
2.0000 0.6033 0.5302 0.0500 0.0500
2.0000 0.6527 0.3254 0.0500 0.0500
2.0000 0.8922 0.5098 0.0500 0.0500
2.0000 0.4495 0.2803 0.0500 0.0500
2.0000 0.7225 0.1829 0.0500 0.0500
2.0000 0.6417 0.6916 0.0500 0.0500
2.0000 0.6255 0.7298 0.0500 0.0500
2.0000 0.4074 0.7104 0.0500 0.0500
2.0000 0.6079 0.2714 0.0500 0.0500
2.0000 0.9192 0.3856 0.0500 0.0500
2.0000 0.2541 0.3217 0.0500 0.0500
2.0000 0.2784 0.4485 0.0500 0.0500
2.0000 0.7478 0.7078 0.0500 0.0500
2.0000 0.7914 0.2971 0.0500 0.0500
2.0000 0.6559 0.6926 0.0500 0.0500
2.0000 0.3266 0.4784 0.0500 0.0500
2.0000 0.2849 0.6114 0.0500 0.0500
2.0000 0.5216 0.2164 0.0500 0.0500
2.0000 0.7161 0.6182 0.0500 0.0500
2.0000 0.3875 0.6219 0.0500 0.0500
2.0000 0.6152 0.3416 0.0500 0.0500
2.0000 0.9198 0.2756 0.0500 0.0500
2.0000 0.6294 0.4532 0.0500 0.0500
2.0000 0.8398 0.6141 0.0500 0.0500
2.0000 0.6189 0.4045 0.0500 0.0500
2.0000 0.4275 0.2112 0.0500 0.0500
