0.0000 0.2387 0.7972 0.1300 0.1300
0.0000 0.5280 0.7972 0.1300 0.1300
0.0000 0.8172 0.7972 0.1300 0.1300
1.0000 0.1658 0.7517 0.1300 0.1300
1.0000 0.1658 0.6217 0.1300 0.1300
1.0000 0.1658 0.4917 0.1300 0.1300
1.0000 0.1658 0.3618 0.1300 0.1300
1.0000 0.1658 0.2318 0.1300 0.1300
4.0000 0.5546 0.5847 0.0500 0.0500
4.0000 0.5363 0.3585 0.0500 0.0500
4.0000 0.5204 0.5706 0.0500 0.0500
4.0000 0.2541 0.4093 0.0500 0.0500
4.0000 0.6306 0.4908 0.0500 0.0500
4.0000 0.8166 0.4269 0.0500 0.0500
4.0000 0.4886 0.2427 0.0500 0.0500
4.0000 0.3750 0.5643 0.0500 0.0500
4.0000 0.6396 0.2878 0.0500 0.0500
4.0000 0.4947 0.7298 0.0500 0.0500
4.0000 0.2943 0.2047 0.0500 0.0500
4.0000 0.3524 0.3300 0.0500 0.0500
4.0000 0.6890 0.6218 0.0500 0.0500
4.0000 0.8363 0.6320 0.0500 0.0500
4.0000 0.5658 0.7274 0.0500 0.0500
4.0000 0.3206 0.6452 0.0500 0.0500
4.0000 0.8591 0.5716 0.0500 0.0500
4.0000 0.5170 0.1880 0.0500 0.0500
4.0000 0.8999 0.5660 0.0500 0.0500
4.0000 0.4398 0.3439 0.0500 0.0500
4.0000 0.5170 0.3235 0.0500 0.0500
4.0000 0.7755 0.3707 0.0500 0.0500
4.0000 0.5092 0.6872 0.0500 0.0500
4.0000 0.4765 0.3641 0.0500 0.0500
4.0000 0.2622 0.1829 0.0500 0.0500
4.0000 0.9198 0.4326 0.0500 0.0500
4.0000 0.5598 0.5909 0.0500 0.0500
4.0000 0.8013 0.3594 0.0500 0.0500
4.0000 0.8553 0.6760 0.0500 0.0500
4.0000 0.2714 0.2355 0.0500 0.0500
4.0000 0.7498 0.5398 0.0500 0.0500
4.0000 0.8970 0.3677 0.0500 0.0500
4.0000 0.7469 0.5267 0.0500 0.0500
4.0000 0.3113 0.2046 0.0500 0.0500
4.0000 0.4426 0.4025 0.0500 0.0500
4.0000 0.5739 0.3825 0.0500 0.0500
4.0000 0.3993 0.5042 0.0500 0.0500
4.0000 0.3388 0.5163 0.0500 0.0500
4.0000 0.8802 0.2754 0.0500 0.0500
