0.0000 0.2288 0.7972 0.1300 0.1300
0.0000 0.4740 0.7972 0.1300 0.1300
0.0000 0.7193 0.7972 0.1300 0.1300
1.0000 0.1658 0.7422 0.1300 0.1300
1.0000 0.1658 0.5987 0.1300 0.1300
1.0000 0.1658 0.4552 0.1300 0.1300
1.0000 0.1658 0.3117 0.1300 0.1300
1.0000 0.1658 0.1683 0.1300 0.1300
7.0000 0.4916 0.5100 0.0500 0.0500
7.0000 0.5223 0.2153 0.0500 0.0500
7.0000 0.2937 0.3950 0.0500 0.0500
7.0000 0.9198 0.2234 0.0500 0.0500
7.0000 0.2541 0.3181 0.0500 0.0500
7.0000 0.7606 0.6713 0.0500 0.0500
7.0000 0.8838 0.3820 0.0500 0.0500
7.0000 0.5881 0.2268 0.0500 0.0500
7.0000 0.2725 0.3006 0.0500 0.0500
7.0000 0.5199 0.2845 0.0500 0.0500
7.0000 0.7006 0.3918 0.0500 0.0500
7.0000 0.4179 0.4409 0.0500 0.0500
7.0000 0.3918 0.4885 0.0500 0.0500
7.0000 0.4746 0.7298 0.0500 0.0500
7.0000 0.3430 0.6968 0.0500 0.0500
7.0000 0.5921 0.1829 0.0500 0.0500
7.0000 0.5149 0.7186 0.0500 0.0500
7.0000 0.3840 0.5043 0.0500 0.0500
7.0000 0.8070 0.2466 0.0500 0.0500
