6.0000 0.5430 0.2215 0.1000 0.1000
6.0000 0.1602 0.6410 0.1000 0.1000
6.0000 0.2295 0.1550 0.1000 0.1000
6.0000 0.5535 0.3506 0.1000 0.1000
6.0000 0.5525 0.2793 0.1000 0.1000
6.0000 0.7540 0.2718 0.1000 0.1000
6.0000 0.3576 0.7319 0.1000 0.1000
6.0000 0.7556 0.4430 0.1000 0.1000
6.0000 0.2733 0.1860 0.1000 0.1000
6.0000 0.3382 0.3909 0.1000 0.1000
6.0000 0.8441 0.5837 0.1000 0.1000
6.0000 0.1955 0.8550 0.1000 0.1000
6.0000 0.5265 0.8109 0.1000 0.1000
6.0000 0.7439 0.4815 0.1000 0.1000
6.0000 0.8648 0.8416 0.1000 0.1000
6.0000 0.2390 0.1809 0.1000 0.1000
6.0000 0.6503 0.7263 0.1000 0.1000
