5.0000 0.1661 0.3561 0.1000 0.1000
5.0000 0.5635 0.8539 0.1000 0.1000
5.0000 0.6415 0.4583 0.1000 0.1000
5.0000 0.3972 0.5593 0.1000 0.1000
5.0000 0.8648 0.8550 0.1000 0.1000
5.0000 0.6154 0.2019 0.1000 0.1000
5.0000 0.3698 0.7692 0.1000 0.1000
5.0000 0.2966 0.2393 0.1000 0.1000
5.0000 0.8413 0.4386 0.1000 0.1000
5.0000 0.3148 0.8484 0.1000 0.1000
5.0000 0.4595 0.6927 0.1000 0.1000
5.0000 0.1602 0.8035 0.1000 0.1000
5.0000 0.4799 0.2041 0.1000 0.1000
5.0000 0.5788 0.4467 0.1000 0.1000
5.0000 0.3443 0.2974 0.1000 0.1000
5.0000 0.6477 0.7161 0.1000 0.1000
5.0000 0.5821 0.8173 0.1000 0.1000
5.0000 0.3408 0.1826 0.1000 0.1000
5.0000 0.4460 0.1658 0.1000 0.1000
5.0000 0.6803 0.1550 0.1000 0.1000
5.0000 0.4000 0.2481 0.1000 0.1000
5.0000 0.4225 0.5040 0.1000 0.1000
5.0000 0.6427 0.4661 0.1000 0.1000
5.0000 0.7296 0.6791 0.1000 0.1000
5.0000 0.1833 0.5862 0.1000 0.1000
5.0000 0.7120 0.3976 0.1000 0.1000
