9.0000 0.7217 0.5799 0.1000 0.1000
9.0000 0.2132 0.4150 0.1000 0.1000
9.0000 0.1602 0.7359 0.1000 0.1000
9.0000 0.3891 0.6719 0.1000 0.1000
9.0000 0.6293 0.4046 0.1000 0.1000
9.0000 0.1737 0.8502 0.1000 0.1000
9.0000 0.3118 0.8550 0.1000 0.1000
9.0000 0.6108 0.2574 0.1000 0.1000
9.0000 0.3915 0.5596 0.1000 0.1000
9.0000 0.7048 0.5982 0.1000 0.1000
9.0000 0.4194 0.4192 0.1000 0.1000
9.0000 0.1957 0.3748 0.1000 0.1000
9.0000 0.8167 0.3203 0.1000 0.1000
9.0000 0.3362 0.1587 0.1000 0.1000
9.0000 0.1901 0.6103 0.1000 0.1000
9.0000 0.8386 0.1550 0.1000 0.1000
9.0000 0.7522 0.7918 0.1000 0.1000
9.0000 0.5870 0.6243 0.1000 0.1000
9.0000 0.1742 0.5822 0.1000 0.1000
9.0000 0.3145 0.2030 0.1000 0.1000
9.0000 0.2861 0.5095 0.1000 0.1000
9.0000 0.7708 0.8141 0.1000 0.1000
9.0000 0.1912 0.8097 0.1000 0.1000
9.0000 0.8648 0.4979 0.1000 0.1000
9.0000 0.4258 0.5241 0.1000 0.1000
9.0000 0.5323 0.6757 0.1000 0.1000
9.0000 0.5816 0.5335 0.1000 0.1000
9.0000 0.8061 0.5809 0.1000 0.1000
9.0000 0.7012 0.6305 0.1000 0.1000
