19.0000 0.1781 0.5323 0.1000 0.1000
19.0000 0.3134 0.5249 0.1000 0.1000
19.0000 0.8648 0.1550 0.1000 0.1000
19.0000 0.8622 0.8173 0.1000 0.1000
19.0000 0.3185 0.2197 0.1000 0.1000
19.0000 0.6784 0.4227 0.1000 0.1000
19.0000 0.6069 0.6481 0.1000 0.1000
19.0000 0.7856 0.2677 0.1000 0.1000
19.0000 0.1602 0.1850 0.1000 0.1000
19.0000 0.1909 0.2488 0.1000 0.1000
19.0000 0.4410 0.8550 0.1000 0.1000
19.0000 0.4563 0.3251 0.1000 0.1000
19.0000 0.4589 0.7187 0.1000 0.1000
19.0000 0.6682 0.8465 0.1000 0.1000
19.0000 0.3364 0.4563 0.1000 0.1000
19.0000 0.1602 0.3683 0.1000 0.1000
19.0000 0.2598 0.5898 0.1000 0.1000
19.0000 0.4410 0.5891 0.1000 0.1000
19.0000 0.5559 0.6479 0.1000 0.1000
