3.0000 0.1602 0.7001 0.1000 0.1000
3.0000 0.2738 0.2606 0.1000 0.1000
3.0000 0.1636 0.5127 0.1000 0.1000
3.0000 0.7817 0.6708 0.1000 0.1000
3.0000 0.4790 0.6763 0.1000 0.1000
3.0000 0.4154 0.1550 0.1000 0.1000
3.0000 0.7817 0.3469 0.1000 0.1000
3.0000 0.2348 0.5620 0.1000 0.1000
3.0000 0.7876 0.2188 0.1000 0.1000
3.0000 0.3662 0.7243 0.1000 0.1000
3.0000 0.3400 0.3224 0.1000 0.1000
3.0000 0.1721 0.5005 0.1000 0.1000
3.0000 0.7469 0.5935 0.1000 0.1000
3.0000 0.3103 0.4986 0.1000 0.1000
3.0000 0.6172 0.8550 0.1000 0.1000
3.0000 0.7020 0.1952 0.1000 0.1000
3.0000 0.6223 0.7909 0.1000 0.1000
3.0000 0.5613 0.4535 0.1000 0.1000
3.0000 0.5350 0.6882 0.1000 0.1000
3.0000 0.4485 0.5536 0.1000 0.1000
3.0000 0.8648 0.1611 0.1000 0.1000
3.0000 0.4400 0.2084 0.1000 0.1000
