8.0000 0.1602 0.4431 0.1000 0.1000
8.0000 0.6039 0.4455 0.1000 0.1000
8.0000 0.7190 0.7778 0.1000 0.1000
8.0000 0.3703 0.7392 0.1000 0.1000
8.0000 0.3262 0.3915 0.1000 0.1000
8.0000 0.4731 0.8269 0.1000 0.1000
8.0000 0.6859 0.2262 0.1000 0.1000
8.0000 0.8517 0.6258 0.1000 0.1000
8.0000 0.7165 0.5983 0.1000 0.1000
8.0000 0.2093 0.8491 0.1000 0.1000
8.0000 0.7649 0.3130 0.1000 0.1000
8.0000 0.2557 0.2794 0.1000 0.1000
8.0000 0.8648 0.4313 0.1000 0.1000
8.0000 0.4181 0.6530 0.1000 0.1000
8.0000 0.1715 0.1550 0.1000 0.1000
8.0000 0.6498 0.8550 0.1000 0.1000
8.0000 0.2465 0.5299 0.1000 0.1000
8.0000 0.3667 0.3218 0.1000 0.1000
8.0000 0.2363 0.5133 0.1000 0.1000
8.0000 0.5496 0.1919 0.1000 0.1000
8.0000 0.8127 0.6071 0.1000 0.1000
8.0000 0.2142 0.5623 0.1000 0.1000
8.0000 0.5664 0.8422 0.1000 0.1000
