0.0000 0.2512 0.7972 0.1300 0.1300
0.0000 0.4137 0.7972 0.1300 0.1300
0.0000 0.5763 0.7972 0.1300 0.1300
0.0000 0.7389 0.7972 0.1300 0.1300
0.0000 0.9015 0.7972 0.1300 0.1300
1.0000 0.1658 0.7424 0.1300 0.1300
1.0000 0.1658 0.5330 0.1300 0.1300
1.0000 0.1658 0.3236 0.1300 0.1300
15.0000 0.3685 0.3877 0.0500 0.0500
15.0000 0.9198 0.1829 0.0500 0.0500
15.0000 0.8177 0.4375 0.0500 0.0500
15.0000 0.8168 0.2005 0.0500 0.0500
15.0000 0.9086 0.5795 0.0500 0.0500
15.0000 0.7903 0.3433 0.0500 0.0500
15.0000 0.8212 0.4945 0.0500 0.0500
15.0000 0.2541 0.3609 0.0500 0.0500
15.0000 0.7142 0.5012 0.0500 0.0500
15.0000 0.3214 0.5770 0.0500 0.0500
15.0000 0.4893 0.5577 0.0500 0.0500
15.0000 0.8629 0.3567 0.0500 0.0500
15.0000 0.8724 0.6607 0.0500 0.0500
15.0000 0.3749 0.5313 0.0500 0.0500
15.0000 0.4895 0.7298 0.0500 0.0500
15.0000 0.7690 0.4710 0.0500 0.0500
15.0000 0.6849 0.4463 0.0500 0.0500
