3.0000 0.5928 0.8513 0.1000 0.1000
3.0000 0.7090 0.7829 0.1000 0.1000
3.0000 0.4826 0.1550 0.1000 0.1000
3.0000 0.4994 0.5337 0.1000 0.1000
3.0000 0.3938 0.2499 0.1000 0.1000
3.0000 0.6496 0.5666 0.1000 0.1000
3.0000 0.7064 0.2800 0.1000 0.1000
3.0000 0.4322 0.6232 0.1000 0.1000
3.0000 0.8451 0.4699 0.1000 0.1000
3.0000 0.5928 0.3175 0.1000 0.1000
3.0000 0.7848 0.5283 0.1000 0.1000
3.0000 0.3641 0.4635 0.1000 0.1000
3.0000 0.1718 0.2581 0.1000 0.1000
3.0000 0.2421 0.4352 0.1000 0.1000
3.0000 0.8375 0.5766 0.1000 0.1000
3.0000 0.2606 0.3567 0.1000 0.1000
3.0000 0.8138 0.3521 0.1000 0.1000
3.0000 0.4600 0.6405 0.1000 0.1000
3.0000 0.3544 0.8550 0.1000 0.1000
3.0000 0.1602 0.6633 0.1000 0.1000
3.0000 0.5026 0.5264 0.1000 0.1000
3.0000 0.8648 0.4324 0.1000 0.1000
3.0000 0.7904 0.7838 0.1000 0.1000
