0.0000 0.2369 0.7972 0.1300 0.1300
0.0000 0.3934 0.7972 0.1300 0.1300
0.0000 0.5499 0.7972 0.1300 0.1300
0.0000 0.7065 0.7972 0.1300 0.1300
0.0000 0.8630 0.7972 0.1300 0.1300
1.0000 0.1658 0.7438 0.1300 0.1300
1.0000 0.1658 0.6187 0.1300 0.1300
1.0000 0.1658 0.4935 0.1300 0.1300
1.0000 0.1658 0.3684 0.1300 0.1300
1.0000 0.1658 0.2432 0.1300 0.1300
5.0000 0.2541 0.6547 0.0500 0.0500
5.0000 0.4358 0.4331 0.0500 0.0500
5.0000 0.9198 0.4112 0.0500 0.0500
5.0000 0.6761 0.5252 0.0500 0.0500
5.0000 0.5221 0.3029 0.0500 0.0500
5.0000 0.2871 0.4779 0.0500 0.0500
5.0000 0.6158 0.6337 0.0500 0.0500
5.0000 0.8960 0.6174 0.0500 0.0500
5.0000 0.6684 0.7022 0.0500 0.0500
5.0000 0.6063 0.2250 0.0500 0.0500
5.0000 0.3115 0.5634 0.0500 0.0500
5.0000 0.3477 0.4708 0.0500 0.0500
5.0000 0.8998 0.2288 0.0500 0.0500
5.0000 0.6698 0.7298 0.0500 0.0500
5.0000 0.6280 0.1829 0.0500 0.0500
5.0000 0.5191 0.3684 0.0500 0.0500
5.0000 0.8856 0.3958 0.0500 0.0500
5.0000 0.8887 0.3378 0.0500 0.0500
5.0000 0.6403 0.2760 0.0500 0.0500
5.0000 0.7204 0.5919 0.0500 0.0500
5.0000 0.4746 0.7231 0.0500 0.0500
5.0000 0.4000 0.5836 0.0500 0.0500
5.0000 0.8369 0.1948 0.0500 0.0500
5.0000 0.2849 0.5288 0.0500 0.0500
5.0000 0.8176 0.6728 0.0500 0.0500
5.0000 0.7511 0.2078 0.0500 0.0500
5.0000 0.3331 0.3313 0.0500 0.0500
5.0000 0.7957 0.2416 0.0500 0.0500
5.0000 0.4236 0.2281 0.0500 0.0500
5.0000 0.2668 0.4703 0.0500 0.0500
5.0000 0.5903 0.5388 0.0500 0.0500
5.0000 0.8672 0.7012 0.0500 0.0500
5.0000 0.7411 0.2820 0.0500 0.0500
