0.0000 0.2354 0.7972 0.1300 0.1300
0.0000 0.3910 0.7972 0.1300 0.1300
0.0000 0.5465 0.7972 0.1300 0.1300
0.0000 0.7021 0.7972 0.1300 0.1300
0.0000 0.8576 0.7972 0.1300 0.1300
1.0000 0.1658 0.7544 0.1300 0.1300
1.0000 0.1658 0.6275 0.1300 0.1300
1.0000 0.1658 0.5006 0.1300 0.1300
1.0000 0.1658 0.3737 0.1300 0.1300
1.0000 0.1658 0.2467 0.1300 0.1300
18.0000 0.2541 0.4458 0.0500 0.0500
18.0000 0.6274 0.7298 0.0500 0.0500
18.0000 0.8141 0.3858 0.0500 0.0500
18.0000 0.2914 0.6399 0.0500 0.0500
18.0000 0.6710 0.1879 0.0500 0.0500
18.0000 0.6150 0.2300 0.0500 0.0500
18.0000 0.4532 0.2912 0.0500 0.0500
18.0000 0.3847 0.5190 0.0500 0.0500
18.0000 0.9198 0.6912 0.0500 0.0500
18.0000 0.5216 0.5986 0.0500 0.0500
18.0000 0.7954 0.2586 0.0500 0.0500
18.0000 0.7456 0.7062 0.0500 0.0500
18.0000 0.4470 0.4450 0.0500 0.0500
18.0000 0.4159 0.5492 0.0500 0.0500
18.0000 0.9198 0.3648 0.0500 0.0500
18.0000 0.8078 0.4603 0.0500 0.0500
18.0000 0.6647 0.5046 0.0500 0.0500
18.0000 0.4718 0.4844 0.0500 0.0500
18.0000 0.5527 0.2990 0.0500 0.0500
18.0000 0.4718 0.7110 0.0500 0.0500
18.0000 0.7518 0.6464 0.0500 0.0500
18.0000 0.6212 0.1829 0.0500 0.0500
18.0000 0.8327 0.1999 0.0500 0.0500
18.0000 0.2665 0.5681 0.0500 0.0500
18.0000 0.5278 0.3850 0.0500 0.0500
18.0000 0.6896 0.4503 0.0500 0.0500
18.0000 0.3039 0.2601 0.0500 0.0500
18.0000 0.9012 0.2276 0.0500 0.0500
18.0000 0.5901 0.4758 0.0500 0.0500
18.0000 0.7643 0.3990 0.0500 0.0500
