0.0000 0.3685 0.7972 0.1300 0.1300
0.0000 0.5201 0.7972 0.1300 0.1300
0.0000 0.6718 0.7972 0.1300 0.1300
0.0000 0.8234 0.7972 0.1300 0.1300
1.0000 0.1658 0.7415 0.1300 0.1300
1.0000 0.1658 0.6069 0.1300 0.1300
1.0000 0.1658 0.4722 0.1300 0.1300
1.0000 0.1658 0.3375 0.1300 0.1300
1.0000 0.1658 0.2028 0.1300 0.1300
2.0000 0.3871 0.2714 0.0500 0.0500
2.0000 0.7348 0.4543 0.0500 0.0500
2.0000 0.8674 0.6376 0.0500 0.0500
2.0000 0.2726 0.3787 0.0500 0.0500
2.0000 0.8910 0.7271 0.0500 0.0500
2.0000 0.7127 0.3561 0.0500 0.0500
2.0000 0.2841 0.5203 0.0500 0.0500
2.0000 0.4879 0.6797 0.0500 0.0500
2.0000 0.4317 0.2757 0.0500 0.0500
2.0000 0.5213 0.2011 0.0500 0.0500
2.0000 0.6098 0.4502 0.0500 0.0500
2.0000 0.7439 0.5111 0.0500 0.0500
2.0000 0.6512 0.6160 0.0500 0.0500
2.0000 0.3274 0.5086 0.0500 0.0500
2.0000 0.5237 0.3006 0.0500 0.0500
2.0000 0.6674 0.4198 0.0500 0.0500
2.0000 0.3208 0.7298 0.0500 0.0500
2.0000 0.9198 0.2663 0.0500 0.0500
2.0000 0.2688 0.3795 0.0500 0.0500
2.0000 0.3504 0.4694 0.0500 0.0500
2.0000 0.8136 0.6075 0.0500 0.0500
2.0000 0.8646 0.2791 0.0500 0.0500
2.0000 0.4084 0.5403 0.0500 0.0500
2.0000 0.6660 0.7234 0.0500 0.0500
2.0000 0.6520 0.5317 0.0500 0.0500
2.0000 0.3340 0.6593 0.0500 0.0500
2.0000 0.3767 0.2276 0.0500 0.0500
2.0000 0.6176 0.3034 0.0500 0.0500
2.0000 0.5796 0.1935 0.0500 0.0500
2.0000 0.9102 0.4607 0.0500 0.0500
2.0000 0.3987 0.3933 0.0500 0.0500
2.0000 0.7376 0.5694 0.0500 0.0500
2.0000 0.5500 0.4587 0.0500 0.0500
2.0000 0.2541 0.6194 0.0500 0.0500
2.0000 0.8593 0.7045 0.0500 0.0500
2.0000 0.5930 0.1829 0.0500 0.0500
2.0000 0.3955 0.7180 0.0500 0.0500
