7.0000 0.7825 0.8550 0.1000 0.1000
7.0000 0.7707 0.2837 0.1000 0.1000
7.0000 0.3550 0.5224 0.1000 0.1000
7.0000 0.1602 0.5311 0.1000 0.1000
7.0000 0.1770 0.8537 0.1000 0.1000
7.0000 0.3904 0.3243 0.1000 0.1000
7.0000 0.6876 0.2173 0.1000 0.1000
7.0000 0.4155 0.5473 0.1000 0.1000
7.0000 0.3662 0.2161 0.1000 0.1000
7.0000 0.5086 0.8432 0.1000 0.1000
7.0000 0.2208 0.6256 0.1000 0.1000
7.0000 0.2318 0.6476 0.1000 0.1000
7.0000 0.2003 0.2213 0.1000 0.1000
7.0000 0.4139 0.1790 0.1000 0.1000
7.0000 0.4816 0.1550 0.1000 0.1000
7.0000 0.5390 0.4667 0.1000 0.1000
7.0000 0.4679 0.2387 0.1000 0.1000
7.0000 0.7041 0.4415 0.1000 0.1000
7.0000 0.8648 0.4546 0.1000 0.1000
7.0000 0.8375 0.6879 0.1000 0.1000
7.0000 0.7691 0.7418 0.1000 0.1000
