0.0000 0.2501 0.7972 0.1300 0.1300
0.0000 0.4159 0.7972 0.1300 0.1300
0.0000 0.5818 0.7972 0.1300 0.1300
0.0000 0.7477 0.7972 0.1300 0.1300
0.0000 0.9136 0.7972 0.1300 0.1300
1.0000 0.1658 0.7471 0.1300 0.1300
1.0000 0.1658 0.6240 0.1300 0.1300
1.0000 0.1658 0.5010 0.1300 0.1300
1.0000 0.1658 0.3780 0.1300 0.1300
1.0000 0.1658 0.2550 0.1300 0.1300
7.0000 0.3635 0.6449 0.0500 0.0500
7.0000 0.4032 0.2070 0.0500 0.0500
7.0000 0.9000 0.3571 0.0500 0.0500
7.0000 0.2789 0.6346 0.0500 0.0500
7.0000 0.5170 0.1829 0.0500 0.0500
7.0000 0.2531 0.6523 0.0500 0.0500
7.0000 0.3599 0.5515 0.0500 0.0500
7.0000 0.4790 0.5561 0.0500 0.0500
7.0000 0.3167 0.3618 0.0500 0.0500
7.0000 0.3712 0.6501 0.0500 0.0500
7.0000 0.3753 0.3711 0.0500 0.0500
7.0000 0.4303 0.6949 0.0500 0.0500
7.0000 0.3182 0.2023 0.0500 0.0500
7.0000 0.7918 0.5763 0.0500 0.0500
7.0000 0.3221 0.2314 0.0500 0.0500
7.0000 0.2686 0.3554 0.0500 0.0500
7.0000 0.3536 0.4740 0.0500 0.0500
7.0000 0.4949 0.5387 0.0500 0.0500
7.0000 0.6964 0.6088 0.0500 0.0500
7.0000 0.4403 0.4270 0.0500 0.0500
7.0000 0.8158 0.6039 0.0500 0.0500
7.0000 0.4227 0.7298 0.0500 0.0500
7.0000 0.4622 0.5586 0.0500 0.0500
7.0000 0.8589 0.6804 0.0500 0.0500
7.0000 0.7728 0.3837 0.0500 0.0500
7.0000 0.8033 0.6410 0.0500 0.0500
7.0000 0.4344 0.4892 0.0500 0.0500
