11.0000 0.5987 0.3527 0.1000 0.1000
11.0000 0.3893 0.7250 0.1000 0.1000
11.0000 0.6152 0.7153 0.1000 0.1000
11.0000 0.1820 0.8550 0.1000 0.1000
11.0000 0.4642 0.4781 0.1000 0.1000
11.0000 0.2685 0.1766 0.1000 0.1000
11.0000 0.2492 0.7655 0.1000 0.1000
11.0000 0.6655 0.4099 0.1000 0.1000
11.0000 0.7520 0.6304 0.1000 0.1000
11.0000 0.1602 0.4605 0.1000 0.1000
11.0000 0.8648 0.7564 0.1000 0.1000
11.0000 0.3273 0.1550 0.1000 0.1000
11.0000 0.2230 0.4926 0.1000 0.1000
11.0000 0.5946 0.2563 0.1000 0.1000
11.0000 0.2814 0.1601 0.1000 0.1000
11.0000 0.4517 0.2611 0.1000 0.1000
