17.0000 0.2303 0.8300 0.1000 0.1000
17.0000 0.1602 0.8423 0.1000 0.1000
17.0000 0.3664 0.3749 0.1000 0.1000
17.0000 0.2147 0.6285 0.1000 0.1000
17.0000 0.7389 0.6481 0.1000 0.1000
17.0000 0.1653 0.7066 0.1000 0.1000
17.0000 0.5837 0.5554 0.1000 0.1000
17.0000 0.5311 0.3351 0.1000 0.1000
17.0000 0.5812 0.7513 0.1000 0.1000
17.0000 0.3559 0.1550 0.1000 0.1000
17.0000 0.6787 0.3354 0.1000 0.1000
17.0000 0.2287 0.7150 0.1000 0.1000
17.0000 0.5917 0.6657 0.1000 0.1000
17.0000 0.7000 0.4376 0.1000 0.1000
17.0000 0.2424 0.5917 0.1000 0.1000
17.0000 0.5149 0.8550 0.1000 0.1000
17.0000 0.7819 0.3579 0.1000 0.1000
17.0000 0.8648 0.4941 0.1000 0.1000
17.0000 0.1621 0.3810 0.1000 0.1000
17.0000 0.3403 0.2886 0.1000 0.1000
