0.0000 0.2463 0.7972 0.1300 0.1300
0.0000 0.4424 0.7972 0.1300 0.1300
0.0000 0.6384 0.7972 0.1300 0.1300
0.0000 0.8345 0.7972 0.1300 0.1300
1.0000 0.1658 0.7444 0.1300 0.1300
1.0000 0.1658 0.5507 0.1300 0.1300
1.0000 0.1658 0.3570 0.1300 0.1300
1.0000 0.1658 0.1633 0.1300 0.1300
6.0000 0.4880 0.4865 0.0500 0.0500
6.0000 0.3434 0.6615 0.0500 0.0500
6.0000 0.7014 0.7298 0.0500 0.0500
6.0000 0.2687 0.2952 0.0500 0.0500
6.0000 0.8438 0.3219 0.0500 0.0500
6.0000 0.7861 0.4141 0.0500 0.0500
6.0000 0.8647 0.5180 0.0500 0.0500
6.0000 0.8095 0.2067 0.0500 0.0500
6.0000 0.4793 0.2417 0.0500 0.0500
6.0000 0.3540 0.3171 0.0500 0.0500
6.0000 0.2541 0.5573 0.0500 0.0500
6.0000 0.5083 0.7170 0.0500 0.0500
6.0000 0.4284 0.6811 0.0500 0.0500
6.0000 0.3733 0.1829 0.0500 0.0500
6.0000 0.5704 0.4114 0.0500 0.0500
6.0000 0.9198 0.3586 0.0500 0.0500
6.0000 0.6050 0.4925 0.0500 0.0500
6.0000 0.5502 0.1880 0.0500 0.0500
6.0000 0.3773 0.2518 0.0500 0.0500
6.0000 0.4701 0.3462 0.0500 0.0500
6.0000 0.7805 0.4420 0.0500 0.0500
6.0000 0.8701 0.6524 0.0500 0.0500
6.0000 0.6609 0.3255 0.0500 0.0500
6.0000 0.3406 0.4373 0.0500 0.0500
6.0000 0.9018 0.5499 0.0500 0.0500
6.0000 0.9008 0.6092 0.0500 0.0500
6.0000 0.3657 0.6862 0.0500 0.0500
6.0000 0.7795 0.3695 0.0500 0.0500
6.0000 0.3543 0.6420 0.0500 0.0500
6.0000 0.8894 0.4476 0.0500 0.0500
6.0000 0.2722 0.3292 0.0500 0.0500
6.0000 0.8659 0.5791 0.0500 0.0500
6.0000 0.7207 0.6166 0.0500 0.0500
6.0000 0.7030 0.6042 0.0500 0.0500
6.0000 0.7011 0.4965 0.0500 0.0500
6.0000 0.5422 0.3739 0.0500 0.0500
6.0000 0.4452 0.5258 0.0500 0.0500
