0.0000 0.3562 0.7972 0.1300 0.1300
0.0000 0.5433 0.7972 0.1300 0.1300
0.0000 0.7305 0.7972 0.1300 0.1300
0.0000 0.9177 0.7972 0.1300 0.1300
1.0000 0.1384 0.7347 0.1300 0.1300
1.0000 0.1384 0.5715 0.1300 0.1300
1.0000 0.1384 0.4082 0.1300 0.1300
1.0000 0.1384 0.2449 0.1300 0.1300
9.0000 0.6538 0.4621 0.0500 0.0500
9.0000 0.7988 0.4115 0.0500 0.0500
9.0000 0.7230 0.3070 0.0500 0.0500
9.0000 0.8568 0.1829 0.0500 0.0500
9.0000 0.7941 0.2498 0.0500 0.0500
9.0000 0.3290 0.6906 0.0500 0.0500
9.0000 0.3281 0.2074 0.0500 0.0500
9.0000 0.2692 0.2727 0.0500 0.0500
9.0000 0.3693 0.7086 0.0500 0.0500
9.0000 0.8203 0.6874 0.0500 0.0500
9.0000 0.3300 0.2074 0.0500 0.0500
9.0000 0.7024 0.3021 0.0500 0.0500
9.0000 0.4067 0.4539 0.0500 0.0500
9.0000 0.3075 0.2988 0.0500 0.0500
9.0000 0.8241 0.4849 0.0500 0.0500
9.0000 0.4488 0.1878 0.0500 0.0500
9.0000 0.6678 0.4311 0.0500 0.0500
9.0000 0.2280 0.4588 0.0500 0.0500
9.0000 0.8924 0.6384 0.0500 0.0500
9.0000 0.3319 0.5404 0.0500 0.0500
9.0000 0.9186 0.4637 0.0500 0.0500
9.0000 0.4179 0.5878 0.0500 0.0500
9.0000 0.5948 0.7298 0.0500 0.0500
9.0000 0.5433 0.6662 0.0500 0.0500
9.0000 0.6369 0.4425 0.0500 0.0500
9.0000 0.3871 0.1943 0.0500 0.0500
9.0000 0.8054 0.5633 0.0500 0.0500
9.0000 0.8952 0.7004 0.0500 0.0500
