20.0000 0.8258 0.3876 0.1000 0.1000
20.0000 0.7090 0.8417 0.1000 0.1000
20.0000 0.7149 0.3344 0.1000 0.1000
20.0000 0.4631 0.1550 0.1000 0.1000
20.0000 0.2156 0.1949 0.1000 0.1000
20.0000 0.5323 0.5493 0.1000 0.1000
20.0000 0.3525 0.8550 0.1000 0.1000
20.0000 0.8459 0.2037 0.1000 0.1000
20.0000 0.1765 0.6357 0.1000 0.1000
20.0000 0.5664 0.5781 0.1000 0.1000
20.0000 0.4205 0.3987 0.1000 0.1000
20.0000 0.3492 0.7708 0.1000 0.1000
20.0000 0.6991 0.7221 0.1000 0.1000
20.0000 0.3815 0.4917 0.1000 0.1000
20.0000 0.6311 0.5360 0.1000 0.1000
20.0000 0.4978 0.3743 0.1000 0.1000
20.0000 0.8212 0.3078 0.1000 0.1000
20.0000 0.7869 0.2082 0.1000 0.1000
20.0000 0.4204 0.3588 0.1000 0.1000
20.0000 0.2640 0.1639 0.1000 0.1000
20.0000 0.3321 0.3920 0.1000 0.1000
20.0000 0.3068 0.8417 0.1000 0.1000
20.0000 0.7050 0.3167 0.1000 0.1000
20.0000 0.1904 0.6313 0.1000 0.1000
20.0000 0.7139 0.7509 0.1000 0.1000
20.0000 0.1838 0.7332 0.1000 0.1000
20.0000 0.1602 0.2458 0.1000 0.1000
20.0000 0.6235 0.3056 0.1000 0.1000
20.0000 0.4756 0.1727 0.1000 0.1000
20.0000 0.6927 0.2170 0.1000 0.1000
20.0000 0.1859 0.3344 0.1000 0.1000
20.0000 0.4357 0.7442 0.1000 0.1000
20.0000 0.8648 0.2037 0.1000 0.1000
20.0000 0.8522 0.3322 0.1000 0.1000
20.0000 0.5399 0.4186 0.1000 0.1000
20.0000 0.4497 0.5294 0.1000 0.1000
20.0000 0.4916 0.3012 0.1000 0.1000
