0.0000 0.3912 0.7972 0.1300 0.1300
0.0000 0.6021 0.7972 0.1300 0.1300
0.0000 0.8131 0.7972 0.1300 0.1300
1.0000 0.1658 0.6318 0.1300 0.1300
1.0000 0.1658 0.4593 0.1300 0.1300
1.0000 0.1658 0.2868 0.1300 0.1300
10.0000 0.4680 0.1829 0.0500 0.0500
10.0000 0.8857 0.2243 0.0500 0.0500
10.0000 0.9198 0.7298 0.0500 0.0500
10.0000 0.4001 0.1995 0.0500 0.0500
10.0000 0.8713 0.2240 0.0500 0.0500
10.0000 0.2541 0.5328 0.0500 0.0500
10.0000 0.6178 0.5238 0.0500 0.0500
10.0000 0.5064 0.2205 0.0500 0.0500
10.0000 0.2933 0.2395 0.0500 0.0500
