7.0000 0.8144 0.2605 0.1000 0.1000
7.0000 0.1602 0.8381 0.1000 0.1000
7.0000 0.2178 0.3169 0.1000 0.1000
7.0000 0.4571 0.7052 0.1000 0.1000
7.0000 0.3938 0.8054 0.1000 0.1000
7.0000 0.7242 0.7469 0.1000 0.1000
7.0000 0.8585 0.7463 0.1000 0.1000
7.0000 0.2998 0.8144 0.1000 0.1000
7.0000 0.6019 0.8255 0.1000 0.1000
7.0000 0.5852 0.7347 0.1000 0.1000
7.0000 0.8648 0.4610 0.1000 0.1000
7.0000 0.8317 0.7885 0.1000 0.1000
7.0000 0.5645 0.1671 0.1000 0.1000
7.0000 0.7684 0.2383 0.1000 0.1000
7.0000 0.8581 0.3133 0.1000 0.1000
7.0000 0.6043 0.3533 0.1000 0.1000
7.0000 0.5962 0.8487 0.1000 0.1000
7.0000 0.8106 0.4082 0.1000 0.1000
7.0000 0.7027 0.1550 0.1000 0.1000
7.0000 0.6701 0.8550 0.1000 0.1000
7.0000 0.4955 0.3391 0.1000 0.1000
7.0000 0.6096 0.6276 0.1000 0.1000
7.0000 0.8288 0.1983 0.1000 0.1000
