8.0000 0.8648 0.1895 0.1000 0.1000
8.0000 0.2248 0.4227 0.1000 0.1000
8.0000 0.5936 0.3502 0.1000 0.1000
8.0000 0.3578 0.5390 0.1000 0.1000
8.0000 0.2934 0.5079 0.1000 0.1000
8.0000 0.7402 0.2259 0.1000 0.1000
8.0000 0.1602 0.2362 0.1000 0.1000
8.0000 0.5334 0.5215 0.1000 0.1000
8.0000 0.6586 0.4032 0.1000 0.1000
8.0000 0.2199 0.6558 0.1000 0.1000
8.0000 0.4928 0.3403 0.1000 0.1000
8.0000 0.7814 0.7259 0.1000 0.1000
8.0000 0.3733 0.8550 0.1000 0.1000
8.0000 0.3602 0.8327 0.1000 0.1000
8.0000 0.7749 0.4412 0.1000 0.1000
8.0000 0.6262 0.4940 0.1000 0.1000
8.0000 0.4714 0.8504 0.1000 0.1000
8.0000 0.4304 0.6803 0.1000 0.1000
8.0000 0.6794 0.3571 0.1000 0.1000
8.0000 0.7318 0.3032 0.1000 0.1000
8.0000 0.5669 0.1550 0.1000 0.1000
8.0000 0.8310 0.6897 0.1000 0.1000
8.0000 0.2230 0.4767 0.1000 0.1000
