12.0000 0.8007 0.8321 0.1000 0.1000
12.0000 0.5445 0.8016 0.1000 0.1000
12.0000 0.6299 0.4675 0.1000 0.1000
12.0000 0.2029 0.4268 0.1000 0.1000
12.0000 0.5232 0.6211 0.1000 0.1000
12.0000 0.5445 0.4144 0.1000 0.1000
12.0000 0.6940 0.1873 0.1000 0.1000
12.0000 0.5338 0.7945 0.1000 0.1000
12.0000 0.3524 0.6230 0.1000 0.1000
12.0000 0.7260 0.1950 0.1000 0.1000
12.0000 0.3417 0.2203 0.1000 0.1000
12.0000 0.6940 0.4774 0.1000 0.1000
12.0000 0.2456 0.6709 0.1000 0.1000
12.0000 0.4591 0.6508 0.1000 0.1000
12.0000 0.4485 0.7475 0.1000 0.1000
12.0000 0.2456 0.3266 0.1000 0.1000
12.0000 0.4805 0.3450 0.1000 0.1000
12.0000 0.6726 0.6563 0.1000 0.1000
12.0000 0.7900 0.7020 0.1000 0.1000
12.0000 0.5445 0.4816 0.1000 0.1000
12.0000 0.7900 0.2757 0.1000 0.1000
12.0000 0.8648 0.8550 0.1000 0.1000
12.0000 0.7900 0.3858 0.1000 0.1000
12.0000 0.1602 0.1550 0.1000 0.1000
