0.0000 0.3897 0.7972 0.1300 0.1300
0.0000 0.5777 0.7972 0.1300 0.1300
0.0000 0.7658 0.7972 0.1300 0.1300
1.0000 0.1658 0.7441 0.1300 0.1300
1.0000 0.1658 0.6122 0.1300 0.1300
1.0000 0.1658 0.4804 0.1300 0.1300
1.0000 0.1658 0.3485 0.1300 0.1300
1.0000 0.1658 0.2167 0.1300 0.1300
9.0000 0.3492 0.4060 0.0500 0.0500
9.0000 0.8493 0.5558 0.0500 0.0500
9.0000 0.5571 0.3670 0.0500 0.0500
9.0000 0.4078 0.3480 0.0500 0.0500
9.0000 0.2826 0.6006 0.0500 0.0500
9.0000 0.3335 0.5415 0.0500 0.0500
9.0000 0.3833 0.4434 0.0500 0.0500
9.0000 0.2541 0.2768 0.0500 0.0500
9.0000 0.2971 0.6017 0.0500 0.0500
9.0000 0.2825 0.7035 0.0500 0.0500
9.0000 0.9039 0.2304 0.0500 0.0500
9.0000 0.6302 0.3585 0.0500 0.0500
9.0000 0.8912 0.4635 0.0500 0.0500
9.0000 0.5959 0.6486 0.0500 0.0500
9.0000 0.6370 0.2689 0.0500 0.0500
9.0000 0.3451 0.4830 0.0500 0.0500
9.0000 0.8566 0.6734 0.0500 0.0500
9.0000 0.7585 0.6982 0.0500 0.0500
9.0000 0.7923 0.6418 0.0500 0.0500
9.0000 0.7956 0.6301 0.0500 0.0500
9.0000 0.3739 0.5315 0.0500 0.0500
9.0000 0.4223 0.6924 0.0500 0.0500
9.0000 0.7620 0.5769 0.0500 0.0500
9.0000 0.5109 0.5774 0.0500 0.0500
9.0000 0.6175 0.5837 0.0500 0.0500
9.0000 0.8221 0.4582 0.0500 0.0500
9.0000 0.8049 0.3464 0.0500 0.0500
9.0000 0.9007 0.7298 0.0500 0.0500
9.0000 0.5883 0.3770 0.0500 0.0500
9.0000 0.4564 0.2267 0.0500 0.0500
9.0000 0.2791 0.4656 0.0500 0.0500
9.0000 0.4500 0.6476 0.0500 0.0500
9.0000 0.3933 0.4287 0.0500 0.0500
9.0000 0.9198 0.1829 0.0500 0.0500
9.0000 0.2671 0.4118 0.0500 0.0500
9.0000 0.3589 0.6433 0.0500 0.0500
