0.0000 0.2027 0.7972 0.1300 0.1300
0.0000 0.5031 0.7972 0.1300 0.1300
0.0000 0.8034 0.7972 0.1300 0.1300
1.0000 0.1384 0.7319 0.1300 0.1300
1.0000 0.1384 0.5293 0.1300 0.1300
1.0000 0.1384 0.3267 0.1300 0.1300
19.0000 0.6821 0.4159 0.0500 0.0500
19.0000 0.4229 0.6083 0.0500 0.0500
19.0000 0.3870 0.5192 0.0500 0.0500
19.0000 0.6762 0.5982 0.0500 0.0500
19.0000 0.7680 0.2437 0.0500 0.0500
19.0000 0.6264 0.3429 0.0500 0.0500
19.0000 0.5372 0.5212 0.0500 0.0500
19.0000 0.2280 0.7298 0.0500 0.0500
19.0000 0.9186 0.1829 0.0500 0.0500
19.0000 0.5777 0.5009 0.0500 0.0500
19.0000 0.2726 0.3186 0.0500 0.0500
19.0000 0.2410 0.5799 0.0500 0.0500
19.0000 0.6235 0.6427 0.0500 0.0500
19.0000 0.8608 0.2052 0.0500 0.0500
19.0000 0.8887 0.4908 0.0500 0.0500
