18.0000 0.6817 0.7394 0.1000 0.1000
18.0000 0.1602 0.4363 0.1000 0.1000
18.0000 0.3295 0.8476 0.1000 0.1000
18.0000 0.7464 0.6747 0.1000 0.1000
18.0000 0.6162 0.7823 0.1000 0.1000
18.0000 0.8045 0.4437 0.1000 0.1000
18.0000 0.8648 0.2660 0.1000 0.1000
18.0000 0.8068 0.6423 0.1000 0.1000
18.0000 0.6801 0.5340 0.1000 0.1000
18.0000 0.7012 0.2532 0.1000 0.1000
18.0000 0.2907 0.3166 0.1000 0.1000
18.0000 0.7435 0.5856 0.1000 0.1000
18.0000 0.2654 0.2749 0.1000 0.1000
18.0000 0.2206 0.2527 0.1000 0.1000
18.0000 0.5357 0.6556 0.1000 0.1000
18.0000 0.3679 0.7499 0.1000 0.1000
18.0000 0.2625 0.3902 0.1000 0.1000
18.0000 0.5608 0.8030 0.1000 0.1000
18.0000 0.2291 0.4556 0.1000 0.1000
18.0000 0.8305 0.5156 0.1000 0.1000
18.0000 0.2747 0.8165 0.1000 0.1000
18.0000 0.8255 0.1885 0.1000 0.1000
18.0000 0.2621 0.8550 0.1000 0.1000
18.0000 0.2222 0.1979 0.1000 0.1000
18.0000 0.4788 0.3128 0.1000 0.1000
18.0000 0.5345 0.6719 0.1000 0.1000
18.0000 0.4077 0.3714 0.1000 0.1000
18.0000 0.6110 0.5251 0.1000 0.1000
18.0000 0.5083 0.7076 0.1000 0.1000
18.0000 0.3705 0.1550 0.1000 0.1000
18.0000 0.7209 0.3078 0.1000 0.1000
18.0000 0.7715 0.2477 0.1000 0.1000
18.0000 0.8560 0.8313 0.1000 0.1000
18.0000 0.3336 0.1735 0.1000 0.1000
18.0000 0.4248 0.2384 0.1000 0.1000
