0.0000 0.2462 0.7972 0.1300 0.1300
0.0000 0.4114 0.7972 0.1300 0.1300
0.0000 0.5766 0.7972 0.1300 0.1300
0.0000 0.7418 0.7972 0.1300 0.1300
0.0000 0.9069 0.7972 0.1300 0.1300
1.0000 0.1658 0.6216 0.1300 0.1300
1.0000 0.1658 0.4241 0.1300 0.1300
1.0000 0.1658 0.2265 0.1300 0.1300
4.0000 0.6030 0.5857 0.0500 0.0500
4.0000 0.2660 0.5775 0.0500 0.0500
4.0000 0.8409 0.2492 0.0500 0.0500
4.0000 0.2727 0.2959 0.0500 0.0500
4.0000 0.7946 0.4634 0.0500 0.0500
4.0000 0.4709 0.5608 0.0500 0.0500
4.0000 0.7352 0.5244 0.0500 0.0500
4.0000 0.6162 0.5041 0.0500 0.0500
4.0000 0.8937 0.7298 0.0500 0.0500
4.0000 0.2793 0.2932 0.0500 0.0500
4.0000 0.8144 0.6511 0.0500 0.0500
4.0000 0.6559 0.5331 0.0500 0.0500
4.0000 0.6559 0.3782 0.0500 0.0500
4.0000 0.3189 0.3551 0.0500 0.0500
4.0000 0.3652 0.3013 0.0500 0.0500
4.0000 0.8673 0.1829 0.0500 0.0500
4.0000 0.7550 0.5733 0.0500 0.0500
4.0000 0.4973 0.3846 0.0500 0.0500
4.0000 0.7219 0.5022 0.0500 0.0500
4.0000 0.2991 0.3248 0.0500 0.0500
4.0000 0.6559 0.4439 0.0500 0.0500
4.0000 0.6559 0.3666 0.0500 0.0500
4.0000 0.6162 0.2217 0.0500 0.0500
4.0000 0.8277 0.6338 0.0500 0.0500
4.0000 0.5700 0.5724 0.0500 0.0500
4.0000 0.8277 0.2594 0.0500 0.0500
4.0000 0.8012 0.2363 0.0500 0.0500
4.0000 0.5766 0.1870 0.0500 0.0500
4.0000 0.2727 0.3651 0.0500 0.0500
4.0000 0.2594 0.5823 0.0500 0.0500
4.0000 0.4907 0.6188 0.0500 0.0500
4.0000 0.5832 0.2181 0.0500 0.0500
4.0000 0.6559 0.5160 0.0500 0.0500
4.0000 0.2528 0.5538 0.0500 0.0500
