0.0000 0.2312 0.7972 0.1300 0.1300
0.0000 0.4745 0.7972 0.1300 0.1300
0.0000 0.7178 0.7972 0.1300 0.1300
1.0000 0.1658 0.7328 0.1300 0.1300
1.0000 0.1658 0.5925 0.1300 0.1300
1.0000 0.1658 0.4522 0.1300 0.1300
1.0000 0.1658 0.3120 0.1300 0.1300
1.0000 0.1658 0.1717 0.1300 0.1300
12.0000 0.3279 0.7298 0.0500 0.0500
12.0000 0.8709 0.6392 0.0500 0.0500
12.0000 0.6208 0.2450 0.0500 0.0500
12.0000 0.8121 0.6417 0.0500 0.0500
12.0000 0.5757 0.3188 0.0500 0.0500
12.0000 0.2541 0.2250 0.0500 0.0500
12.0000 0.6955 0.3854 0.0500 0.0500
12.0000 0.3850 0.4322 0.0500 0.0500
12.0000 0.7661 0.3975 0.0500 0.0500
12.0000 0.4645 0.7273 0.0500 0.0500
12.0000 0.6547 0.2845 0.0500 0.0500
12.0000 0.4867 0.6015 0.0500 0.0500
12.0000 0.7740 0.7219 0.0500 0.0500
12.0000 0.3484 0.5914 0.0500 0.0500
12.0000 0.8071 0.7202 0.0500 0.0500
12.0000 0.4275 0.1829 0.0500 0.0500
12.0000 0.4547 0.2483 0.0500 0.0500
12.0000 0.3417 0.7008 0.0500 0.0500
12.0000 0.7089 0.5665 0.0500 0.0500
12.0000 0.7278 0.6593 0.0500 0.0500
12.0000 0.4606 0.3757 0.0500 0.0500
12.0000 0.7051 0.4592 0.0500 0.0500
12.0000 0.8994 0.2610 0.0500 0.0500
12.0000 0.5270 0.5102 0.0500 0.0500
12.0000 0.9198 0.3400 0.0500 0.0500
12.0000 0.5649 0.5795 0.0500 0.0500
12.0000 0.7588 0.1993 0.0500 0.0500
12.0000 0.4115 0.3246 0.0500 0.0500
12.0000 0.7309 0.6210 0.0500 0.0500
