3.0000 0.2801 0.8290 0.1000 0.1000
3.0000 0.6237 0.3783 0.1000 0.1000
3.0000 0.2082 0.2925 0.1000 0.1000
3.0000 0.4549 0.2541 0.1000 0.1000
3.0000 0.2017 0.8153 0.1000 0.1000
3.0000 0.1616 0.2162 0.1000 0.1000
3.0000 0.6256 0.8505 0.1000 0.1000
3.0000 0.8648 0.1950 0.1000 0.1000
3.0000 0.3943 0.3648 0.1000 0.1000
3.0000 0.4406 0.6651 0.1000 0.1000
3.0000 0.2700 0.3054 0.1000 0.1000
3.0000 0.5249 0.7912 0.1000 0.1000
3.0000 0.1602 0.4757 0.1000 0.1000
3.0000 0.5364 0.5581 0.1000 0.1000
3.0000 0.4561 0.3065 0.1000 0.1000
3.0000 0.7295 0.3068 0.1000 0.1000
3.0000 0.2946 0.5173 0.1000 0.1000
3.0000 0.6703 0.5536 0.1000 0.1000
3.0000 0.7084 0.5462 0.1000 0.1000
3.0000 0.3606 0.7062 0.1000 0.1000
3.0000 0.3597 0.8550 0.1000 0.1000
3.0000 0.7786 0.7234 0.1000 0.1000
3.0000 0.3061 0.3743 0.1000 0.1000
3.0000 0.8458 0.1550 0.1000 0.1000
3.0000 0.3337 0.1794 0.1000 0.1000
3.0000 0.5586 0.4993 0.1000 0.1000
