3.0000 0.5970 0.8550 0.1000 0.1000
3.0000 0.7470 0.4288 0.1000 0.1000
3.0000 0.4521 0.1550 0.1000 0.1000
3.0000 0.1602 0.1691 0.1000 0.1000
3.0000 0.5477 0.2602 0.1000 0.1000
3.0000 0.4282 0.5187 0.1000 0.1000
3.0000 0.6765 0.5402 0.1000 0.1000
3.0000 0.3040 0.5261 0.1000 0.1000
3.0000 0.8581 0.5812 0.1000 0.1000
3.0000 0.4798 0.3009 0.1000 0.1000
3.0000 0.5890 0.2562 0.1000 0.1000
3.0000 0.6988 0.5320 0.1000 0.1000
3.0000 0.7083 0.7202 0.1000 0.1000
3.0000 0.8648 0.3414 0.1000 0.1000
3.0000 0.4594 0.2409 0.1000 0.1000
3.0000 0.3762 0.6950 0.1000 0.1000
3.0000 0.2460 0.4681 0.1000 0.1000
3.0000 0.6574 0.7483 0.1000 0.1000
