0.0000 0.2525 0.7972 0.1300 0.1300
0.0000 0.4376 0.7972 0.1300 0.1300
0.0000 0.6227 0.7972 0.1300 0.1300
0.0000 0.8078 0.7972 0.1300 0.1300
1.0000 0.1658 0.7323 0.1300 0.1300
1.0000 0.1658 0.5475 0.1300 0.1300
1.0000 0.1658 0.3627 0.1300 0.1300
1.0000 0.1658 0.1778 0.1300 0.1300
5.0000 0.8770 0.2871 0.0500 0.0500
5.0000 0.3982 0.6553 0.0500 0.0500
5.0000 0.2541 0.5575 0.0500 0.0500
5.0000 0.4788 0.7298 0.0500 0.0500
5.0000 0.6522 0.3549 0.0500 0.0500
5.0000 0.8864 0.2411 0.0500 0.0500
5.0000 0.4298 0.5561 0.0500 0.0500
5.0000 0.6906 0.3692 0.0500 0.0500
5.0000 0.9108 0.3807 0.0500 0.0500
5.0000 0.8289 0.5803 0.0500 0.0500
5.0000 0.8194 0.2615 0.0500 0.0500
5.0000 0.6250 0.2791 0.0500 0.0500
5.0000 0.9198 0.6019 0.0500 0.0500
5.0000 0.8336 0.2956 0.0500 0.0500
5.0000 0.6021 0.4887 0.0500 0.0500
5.0000 0.6344 0.1829 0.0500 0.0500
5.0000 0.7519 0.6778 0.0500 0.0500
5.0000 0.2818 0.5019 0.0500 0.0500
5.0000 0.4037 0.2835 0.0500 0.0500
5.0000 0.2757 0.3468 0.0500 0.0500
5.0000 0.6247 0.3310 0.0500 0.0500
5.0000 0.4698 0.3304 0.0500 0.0500
