3.0000 0.2105 0.5801 0.1000 0.1000
3.0000 0.5793 0.1955 0.1000 0.1000
3.0000 0.4948 0.1925 0.1000 0.1000
3.0000 0.4990 0.4409 0.1000 0.1000
3.0000 0.4603 0.7885 0.1000 0.1000
3.0000 0.1822 0.6799 0.1000 0.1000
3.0000 0.7028 0.8550 0.1000 0.1000
3.0000 0.3704 0.3185 0.1000 0.1000
3.0000 0.7322 0.7824 0.1000 0.1000
3.0000 0.1602 0.7218 0.1000 0.1000
3.0000 0.2910 0.2403 0.1000 0.1000
3.0000 0.4163 0.7328 0.1000 0.1000
3.0000 0.8648 0.8184 0.1000 0.1000
3.0000 0.3965 0.3432 0.1000 0.1000
3.0000 0.7872 0.5496 0.1000 0.1000
3.0000 0.3480 0.1748 0.1000 0.1000
3.0000 0.1884 0.2752 0.1000 0.1000
3.0000 0.7618 0.4659 0.1000 0.1000
3.0000 0.8369 0.1550 0.1000 0.1000
3.0000 0.2374 0.3394 0.1000 0.1000
