13.0000 0.5111 0.5050 0.1000 0.1000
13.0000 0.2201 0.5050 0.1000 0.1000
13.0000 0.5615 0.5050 0.1000 0.1000
13.0000 0.3718 0.5050 0.1000 0.1000
13.0000 0.2790 0.5050 0.1000 0.1000
13.0000 0.7253 0.5050 0.1000 0.1000
13.0000 0.6951 0.5050 0.1000 0.1000
13.0000 0.8340 0.5050 0.1000 0.1000
13.0000 0.2959 0.5050 0.1000 0.1000
13.0000 0.7514 0.5050 0.1000 0.1000
13.0000 0.1602 0.5050 0.1000 0.1000
13.0000 0.6766 0.5050 0.1000 0.1000
13.0000 0.3316 0.5050 0.1000 0.1000
13.0000 0.5793 0.5050 0.1000 0.1000
13.0000 0.6250 0.5050 0.1000 0.1000
13.0000 0.3394 0.5050 0.1000 0.1000
13.0000 0.1705 0.5050 0.1000 0.1000
13.0000 0.2848 0.5050 0.1000 0.1000
13.0000 0.3133 0.5050 0.1000 0.1000
13.0000 0.6376 0.5050 0.1000 0.1000
13.0000 0.2487 0.5050 0.1000 0.1000
13.0000 0.8371 0.5050 0.1000 0.1000
13.0000 0.2441 0.5050 0.1000 0.1000
13.0000 0.7295 0.5050 0.1000 0.1000
13.0000 0.2425 0.5050 0.1000 0.1000
13.0000 0.2502 0.5050 0.1000 0.1000
13.0000 0.5597 0.5050 0.1000 0.1000
13.0000 0.8648 0.5050 0.1000 0.1000
13.0000 0.3027 0.5050 0.1000 0.1000
13.0000 0.5543 0.5050 0.1000 0.1000
13.0000 0.7058 0.5050 0.1000 0.1000
13.0000 0.3821 0.5050 0.1000 0.1000
13.0000 0.5529 0.5050 0.1000 0.1000
