0.0000 0.2521 0.8072 0.1000 0.1000
0.0000 0.4978 0.8072 0.1000 0.1000
0.0000 0.7434 0.8072 0.1000 0.1000
1.0000 0.1708 0.7563 0.1000 0.1000
1.0000 0.1708 0.5354 0.1000 0.1000
1.0000 0.1708 0.3144 0.1000 0.1000
16.0000 0.8482 0.4914 0.0500 0.0500
16.0000 0.6080 0.2709 0.0500 0.0500
16.0000 0.6497 0.5588 0.0500 0.0500
8.0000 0.8076 0.6143 0.0500 0.0500
8.0000 0.7369 0.5309 0.0500 0.0500
8.0000 0.4845 0.6644 0.0500 0.0500
8.0000 0.5151 0.7298 0.0500 0.0500
8.0000 0.7880 0.5958 0.0500 0.0500
5.0000 0.7680 0.6398 0.0500 0.0500
5.0000 0.3503 0.5821 0.0500 0.0500
7.0000 0.6991 0.2322 0.0500 0.0500
7.0000 0.3295 0.6361 0.0500 0.0500
7.0000 0.7362 0.6782 0.0500 0.0500
7.0000 0.5571 0.4726 0.0500 0.0500
7.0000 0.7105 0.3505 0.0500 0.0500
17.0000 0.5855 0.5353 0.0500 0.0500
17.0000 0.8386 0.3732 0.0500 0.0500
17.0000 0.3171 0.2197 0.0500 0.0500
17.0000 0.9198 0.1829 0.0500 0.0500
17.0000 0.2541 0.2103 0.0500 0.0500
