0.0000 0.2434 0.8072 0.1000 0.1000
0.0000 0.4079 0.8072 0.1000 0.1000
0.0000 0.5725 0.8072 0.1000 0.1000
0.0000 0.7370 0.8072 0.1000 0.1000
0.0000 0.9016 0.8072 0.1000 0.1000
1.0000 0.1708 0.6236 0.1000 0.1000
1.0000 0.1708 0.4900 0.1000 0.1000
1.0000 0.1708 0.3563 0.1000 0.1000
1.0000 0.1708 0.2226 0.1000 0.1000
3.0000 0.9198 0.2838 0.0500 0.0500
3.0000 0.6765 0.5341 0.0500 0.0500
3.0000 0.6561 0.5881 0.0500 0.0500
9.0000 0.8287 0.6370 0.0500 0.0500
9.0000 0.4073 0.5644 0.0500 0.0500
9.0000 0.8886 0.4327 0.0500 0.0500
9.0000 0.9057 0.6012 0.0500 0.0500
16.0000 0.7336 0.7298 0.0500 0.0500
16.0000 0.2541 0.2049 0.0500 0.0500
16.0000 0.4152 0.2614 0.0500 0.0500
16.0000 0.4960 0.5584 0.0500 0.0500
16.0000 0.4830 0.1829 0.0500 0.0500
16.0000 0.2980 0.6064 0.0500 0.0500
18.0000 0.4586 0.4786 0.0500 0.0500
18.0000 0.4231 0.2849 0.0500 0.0500
18.0000 0.2937 0.4033 0.0500 0.0500
