0.0000 0.2403 0.8072 0.1000 0.1000
0.0000 0.3975 0.8072 0.1000 0.1000
0.0000 0.5547 0.8072 0.1000 0.1000
0.0000 0.7118 0.8072 0.1000 0.1000
0.0000 0.8690 0.8072 0.1000 0.1000
1.0000 0.1708 0.5666 0.1000 0.1000
1.0000 0.1708 0.3315 0.1000 0.1000
4.0000 0.7024 0.1829 0.0500 0.0500
4.0000 0.5151 0.4749 0.0500 0.0500
4.0000 0.7008 0.7298 0.0500 0.0500
4.0000 0.8126 0.5601 0.0500 0.0500
4.0000 0.5844 0.4204 0.0500 0.0500
4.0000 0.8921 0.4359 0.0500 0.0500
14.0000 0.6908 0.4232 0.0500 0.0500
14.0000 0.4020 0.5281 0.0500 0.0500
14.0000 0.4189 0.7176 0.0500 0.0500
14.0000 0.4716 0.3155 0.0500 0.0500
14.0000 0.8025 0.6146 0.0500 0.0500
18.0000 0.9198 0.4674 0.0500 0.0500
18.0000 0.2784 0.3334 0.0500 0.0500
18.0000 0.2541 0.3207 0.0500 0.0500
18.0000 0.5698 0.3404 0.0500 0.0500
15.0000 0.6611 0.2022 0.0500 0.0500
15.0000 0.6288 0.2323 0.0500 0.0500
15.0000 0.6643 0.6466 0.0500 0.0500
15.0000 0.8782 0.2309 0.0500 0.0500
