0.0000 0.1960 0.8072 0.1000 0.1000
0.0000 0.4501 0.8072 0.1000 0.1000
0.0000 0.7041 0.8072 0.1000 0.1000
1.0000 0.1434 0.7321 0.1000 0.1000
1.0000 0.1434 0.5033 0.1000 0.1000
1.0000 0.1434 0.2744 0.1000 0.1000
16.0000 0.4201 0.5879 0.0500 0.0500
16.0000 0.9186 0.2538 0.0500 0.0500
16.0000 0.2280 0.2470 0.0500 0.0500
16.0000 0.4790 0.6726 0.0500 0.0500
16.0000 0.3525 0.7024 0.0500 0.0500
16.0000 0.2351 0.3088 0.0500 0.0500
16.0000 0.7626 0.4026 0.0500 0.0500
3.0000 0.2458 0.4300 0.0500 0.0500
3.0000 0.6086 0.1829 0.0500 0.0500
3.0000 0.3667 0.5536 0.0500 0.0500
3.0000 0.8500 0.3294 0.0500 0.0500
3.0000 0.4719 0.3866 0.0500 0.0500
3.0000 0.6111 0.6452 0.0500 0.0500
6.0000 0.4607 0.7184 0.0500 0.0500
6.0000 0.6371 0.2287 0.0500 0.0500
6.0000 0.9008 0.6291 0.0500 0.0500
6.0000 0.3972 0.7184 0.0500 0.0500
6.0000 0.3794 0.4529 0.0500 0.0500
6.0000 0.6665 0.5765 0.0500 0.0500
6.0000 0.2712 0.3248 0.0500 0.0500
17.0000 0.8251 0.7298 0.0500 0.0500
17.0000 0.4074 0.2607 0.0500 0.0500
17.0000 0.3484 0.4461 0.0500 0.0500
17.0000 0.2285 0.5468 0.0500 0.0500
17.0000 0.5507 0.6383 0.0500 0.0500
3.0000 0.4968 0.3088 0.0500 0.0500
3.0000 0.7346 0.3980 0.0500 0.0500
3.0000 0.2742 0.4827 0.0500 0.0500
3.0000 0.8744 0.3385 0.0500 0.0500
3.0000 0.4734 0.2927 0.0500 0.0500
