0.0000 0.2241 0.8072 0.1000 0.1000
0.0000 0.4542 0.8072 0.1000 0.1000
0.0000 0.6843 0.8072 0.1000 0.1000
0.0000 0.9144 0.8072 0.1000 0.1000
1.0000 0.1708 0.5686 0.1000 0.1000
1.0000 0.1708 0.3675 0.1000 0.1000
1.0000 0.1708 0.1664 0.1000 0.1000
11.0000 0.6417 0.2822 0.0500 0.0500
11.0000 0.9038 0.6397 0.0500 0.0500
11.0000 0.3782 0.4298 0.0500 0.0500
11.0000 0.3564 0.2875 0.0500 0.0500
11.0000 0.6053 0.6353 0.0500 0.0500
11.0000 0.6859 0.7298 0.0500 0.0500
11.0000 0.3946 0.1901 0.0500 0.0500
11.0000 0.3400 0.2300 0.0500 0.0500
18.0000 0.8338 0.2758 0.0500 0.0500
18.0000 0.8637 0.2995 0.0500 0.0500
18.0000 0.8341 0.7182 0.0500 0.0500
18.0000 0.6737 0.6784 0.0500 0.0500
18.0000 0.6969 0.1829 0.0500 0.0500
18.0000 0.8936 0.3816 0.0500 0.0500
18.0000 0.2765 0.2042 0.0500 0.0500
18.0000 0.3614 0.4238 0.0500 0.0500
12.0000 0.2540 0.6450 0.0500 0.0500
12.0000 0.6665 0.3651 0.0500 0.0500
12.0000 0.2586 0.4017 0.0500 0.0500
12.0000 0.3934 0.4391 0.0500 0.0500
12.0000 0.9176 0.4580 0.0500 0.0500
12.0000 0.2883 0.2312 0.0500 0.0500
2.0000 0.5517 0.4881 0.0500 0.0500
2.0000 0.9022 0.5863 0.0500 0.0500
2.0000 0.5506 0.2127 0.0500 0.0500
2.0000 0.8143 0.3285 0.0500 0.0500
2.0000 0.4120 0.6731 0.0500 0.0500
2.0000 0.3559 0.2396 0.0500 0.0500
2.0000 0.4420 0.6068 0.0500 0.0500
2.0000 0.2705 0.5284 0.0500 0.0500
2.0000 0.7825 0.4604 0.0500 0.0500
