0.0000 0.2479 0.8072 0.1000 0.1000
0.0000 0.4144 0.8072 0.1000 0.1000
0.0000 0.5810 0.8072 0.1000 0.1000
0.0000 0.7476 0.8072 0.1000 0.1000
0.0000 0.9141 0.8072 0.1000 0.1000
1.0000 0.1708 0.7368 0.1000 0.1000
1.0000 0.1708 0.5718 0.1000 0.1000
1.0000 0.1708 0.4069 0.1000 0.1000
1.0000 0.1708 0.2420 0.1000 0.1000
4.0000 0.3635 0.4139 0.0500 0.0500
4.0000 0.3791 0.4054 0.0500 0.0500
4.0000 0.7131 0.3886 0.0500 0.0500
4.0000 0.8667 0.2898 0.0500 0.0500
4.0000 0.4004 0.3543 0.0500 0.0500
9.0000 0.2535 0.6437 0.0500 0.0500
9.0000 0.5958 0.6166 0.0500 0.0500
9.0000 0.7189 0.6185 0.0500 0.0500
9.0000 0.5025 0.3574 0.0500 0.0500
9.0000 0.5630 0.6233 0.0500 0.0500
9.0000 0.2707 0.3453 0.0500 0.0500
13.0000 0.3768 0.3068 0.0500 0.0500
13.0000 0.7391 0.2329 0.0500 0.0500
13.0000 0.5070 0.4128 0.0500 0.0500
13.0000 0.7416 0.6713 0.0500 0.0500
13.0000 0.3974 0.6474 0.0500 0.0500
8.0000 0.6768 0.6569 0.0500 0.0500
8.0000 0.2680 0.7004 0.0500 0.0500
8.0000 0.5987 0.5753 0.0500 0.0500
8.0000 0.2728 0.3176 0.0500 0.0500
8.0000 0.3491 0.7298 0.0500 0.0500
8.0000 0.9082 0.1829 0.0500 0.0500
