0.0000 0.2378 0.8072 0.1000 0.1000
0.0000 0.5106 0.8072 0.1000 0.1000
0.0000 0.7834 0.8072 0.1000 0.1000
1.0000 0.1708 0.6482 0.1000 0.1000
1.0000 0.1708 0.4401 0.1000 0.1000
1.0000 0.1708 0.2320 0.1000 0.1000
3.0000 0.9198 0.4653 0.0500 0.0500
3.0000 0.6940 0.6368 0.0500 0.0500
3.0000 0.5782 0.2414 0.0500 0.0500
3.0000 0.3437 0.4890 0.0500 0.0500
3.0000 0.3538 0.2000 0.0500 0.0500
3.0000 0.6933 0.4150 0.0500 0.0500
12.0000 0.7412 0.4645 0.0500 0.0500
12.0000 0.2767 0.3238 0.0500 0.0500
12.0000 0.2631 0.6399 0.0500 0.0500
12.0000 0.8606 0.2855 0.0500 0.0500
12.0000 0.3118 0.3625 0.0500 0.0500
12.0000 0.7608 0.3253 0.0500 0.0500
20.0000 0.7893 0.4799 0.0500 0.0500
20.0000 0.2541 0.4957 0.0500 0.0500
20.0000 0.3592 0.3529 0.0500 0.0500
20.0000 0.6269 0.7123 0.0500 0.0500
14.0000 0.4819 0.6865 0.0500 0.0500
14.0000 0.7069 0.6177 0.0500 0.0500
14.0000 0.3927 0.2139 0.0500 0.0500
14.0000 0.6408 0.1829 0.0500 0.0500
14.0000 0.3914 0.6193 0.0500 0.0500
14.0000 0.5592 0.7298 0.0500 0.0500
14.0000 0.4932 0.6447 0.0500 0.0500
