0.0000 0.2276 0.8072 0.1000 0.1000
0.0000 0.4267 0.8072 0.1000 0.1000
0.0000 0.6258 0.8072 0.1000 0.1000
0.0000 0.8249 0.8072 0.1000 0.1000
1.0000 0.1708 0.7376 0.1000 0.1000
1.0000 0.1708 0.6155 0.1000 0.1000
1.0000 0.1708 0.4934 0.1000 0.1000
1.0000 0.1708 0.3712 0.1000 0.1000
1.0000 0.1708 0.2491 0.1000 0.1000
13.0000 0.3099 0.4665 0.0500 0.0500
13.0000 0.8686 0.7113 0.0500 0.0500
13.0000 0.9198 0.5923 0.0500 0.0500
13.0000 0.2951 0.3453 0.0500 0.0500
13.0000 0.4411 0.4169 0.0500 0.0500
16.0000 0.2895 0.3585 0.0500 0.0500
16.0000 0.7429 0.7147 0.0500 0.0500
16.0000 0.5189 0.7298 0.0500 0.0500
16.0000 0.5120 0.1829 0.0500 0.0500
16.0000 0.8136 0.3583 0.0500 0.0500
19.0000 0.2541 0.5752 0.0500 0.0500
19.0000 0.7960 0.2027 0.0500 0.0500
19.0000 0.6551 0.5906 0.0500 0.0500
19.0000 0.3609 0.5022 0.0500 0.0500
19.0000 0.4648 0.2992 0.0500 0.0500
19.0000 0.6264 0.5794 0.0500 0.0500
19.0000 0.8707 0.4372 0.0500 0.0500
12.0000 0.6979 0.2660 0.0500 0.0500
12.0000 0.5688 0.6966 0.0500 0.0500
