0.0000 0.2459 0.8072 0.1000 0.1000
0.0000 0.4643 0.8072 0.1000 0.1000
0.0000 0.6827 0.8072 0.1000 0.1000
0.0000 0.9012 0.8072 0.1000 0.1000
1.0000 0.1708 0.7376 0.1000 0.1000
1.0000 0.1708 0.5617 0.1000 0.1000
1.0000 0.1708 0.3859 0.1000 0.1000
1.0000 0.1708 0.2101 0.1000 0.1000
2.0000 0.8692 0.4015 0.0500 0.0500
2.0000 0.5548 0.4636 0.0500 0.0500
2.0000 0.5005 0.2224 0.0500 0.0500
2.0000 0.8491 0.5273 0.0500 0.0500
2.0000 0.3763 0.1829 0.0500 0.0500
2.0000 0.2894 0.7298 0.0500 0.0500
2.0000 0.2860 0.6912 0.0500 0.0500
14.0000 0.3471 0.6586 0.0500 0.0500
14.0000 0.8528 0.3877 0.0500 0.0500
14.0000 0.8532 0.2328 0.0500 0.0500
14.0000 0.2998 0.4078 0.0500 0.0500
14.0000 0.4954 0.7272 0.0500 0.0500
14.0000 0.4750 0.1892 0.0500 0.0500
14.0000 0.5097 0.5233 0.0500 0.0500
14.0000 0.3730 0.3823 0.0500 0.0500
6.0000 0.5760 0.5972 0.0500 0.0500
6.0000 0.6940 0.6466 0.0500 0.0500
6.0000 0.2689 0.2233 0.0500 0.0500
6.0000 0.3848 0.6337 0.0500 0.0500
6.0000 0.6797 0.6648 0.0500 0.0500
6.0000 0.6025 0.5677 0.0500 0.0500
6.0000 0.7909 0.5270 0.0500 0.0500
10.0000 0.6244 0.3046 0.0500 0.0500
10.0000 0.8661 0.6205 0.0500 0.0500
10.0000 0.2541 0.4541 0.0500 0.0500
10.0000 0.3804 0.3246 0.0500 0.0500
10.0000 0.3159 0.3637 0.0500 0.0500
10.0000 0.5390 0.6549 0.0500 0.0500
10.0000 0.8670 0.6289 0.0500 0.0500
10.0000 0.4860 0.4000 0.0500 0.0500
10.0000 0.2638 0.6781 0.0500 0.0500
10.0000 0.9198 0.2586 0.0500 0.0500
