0.0000 0.2477 0.8072 0.1000 0.1000
0.0000 0.5034 0.8072 0.1000 0.1000
0.0000 0.7592 0.8072 0.1000 0.1000
1.0000 0.1708 0.7396 0.1000 0.1000
1.0000 0.1708 0.5433 0.1000 0.1000
1.0000 0.1708 0.3469 0.1000 0.1000
20.0000 0.7211 0.4916 0.0500 0.0500
20.0000 0.3088 0.4131 0.0500 0.0500
20.0000 0.5454 0.1829 0.0500 0.0500
20.0000 0.6781 0.6112 0.0500 0.0500
20.0000 0.8804 0.7255 0.0500 0.0500
20.0000 0.8751 0.2868 0.0500 0.0500
20.0000 0.3271 0.3622 0.0500 0.0500
19.0000 0.4788 0.3642 0.0500 0.0500
19.0000 0.6225 0.6173 0.0500 0.0500
19.0000 0.8491 0.2640 0.0500 0.0500
19.0000 0.7416 0.3359 0.0500 0.0500
19.0000 0.5427 0.4376 0.0500 0.0500
19.0000 0.2541 0.6144 0.0500 0.0500
19.0000 0.6366 0.2874 0.0500 0.0500
8.0000 0.3893 0.5865 0.0500 0.0500
8.0000 0.2564 0.5008 0.0500 0.0500
8.0000 0.8978 0.4588 0.0500 0.0500
8.0000 0.4038 0.6909 0.0500 0.0500
8.0000 0.2841 0.6312 0.0500 0.0500
8.0000 0.3881 0.6723 0.0500 0.0500
5.0000 0.6555 0.5812 0.0500 0.0500
5.0000 0.3147 0.2744 0.0500 0.0500
5.0000 0.3823 0.3153 0.0500 0.0500
5.0000 0.6588 0.7298 0.0500 0.0500
5.0000 0.9198 0.2230 0.0500 0.0500
5.0000 0.6379 0.3706 0.0500 0.0500
14.0000 0.2600 0.3086 0.0500 0.0500
14.0000 0.5380 0.4461 0.0500 0.0500
14.0000 0.8519 0.5924 0.0500 0.0500
14.0000 0.6217 0.5649 0.0500 0.0500
14.0000 0.8247 0.4569 0.0500 0.0500
14.0000 0.4262 0.2287 0.0500 0.0500
14.0000 0.5976 0.7065 0.0500 0.0500
14.0000 0.2818 0.3785 0.0500 0.0500
