0.0000 0.2541 0.8072 0.1000 0.1000
0.0000 0.4918 0.8072 0.1000 0.1000
0.0000 0.7296 0.8072 0.1000 0.1000
1.0000 0.1708 0.7429 0.1000 0.1000
1.0000 0.1708 0.5284 0.1000 0.1000
1.0000 0.1708 0.3138 0.1000 0.1000
6.0000 0.7784 0.5597 0.0500 0.0500
6.0000 0.8140 0.4685 0.0500 0.0500
6.0000 0.2814 0.2015 0.0500 0.0500
6.0000 0.4776 0.5228 0.0500 0.0500
6.0000 0.9103 0.6022 0.0500 0.0500
6.0000 0.9151 0.3969 0.0500 0.0500
6.0000 0.7736 0.7043 0.0500 0.0500
6.0000 0.5691 0.4657 0.0500 0.0500
6.0000 0.3337 0.6986 0.0500 0.0500
18.0000 0.7403 0.1829 0.0500 0.0500
18.0000 0.8568 0.2467 0.0500 0.0500
18.0000 0.7237 0.2003 0.0500 0.0500
18.0000 0.5572 0.5427 0.0500 0.0500
18.0000 0.8497 0.6923 0.0500 0.0500
18.0000 0.4930 0.3232 0.0500 0.0500
10.0000 0.8331 0.7147 0.0500 0.0500
10.0000 0.3694 0.4562 0.0500 0.0500
10.0000 0.3123 0.7166 0.0500 0.0500
10.0000 0.9198 0.6643 0.0500 0.0500
10.0000 0.7403 0.6235 0.0500 0.0500
10.0000 0.8723 0.6031 0.0500 0.0500
10.0000 0.2969 0.3823 0.0500 0.0500
11.0000 0.5537 0.5299 0.0500 0.0500
11.0000 0.5584 0.2047 0.0500 0.0500
11.0000 0.6309 0.2835 0.0500 0.0500
11.0000 0.8937 0.7298 0.0500 0.0500
11.0000 0.2541 0.3472 0.0500 0.0500
11.0000 0.7748 0.3453 0.0500 0.0500
11.0000 0.3765 0.4275 0.0500 0.0500
11.0000 0.2850 0.5923 0.0500 0.0500
11.0000 0.5418 0.4376 0.0500 0.0500
