0.0000 0.3672 0.8072 0.1000 0.1000
0.0000 0.5416 0.8072 0.1000 0.1000
0.0000 0.7160 0.8072 0.1000 0.1000
0.0000 0.8904 0.8072 0.1000 0.1000
1.0000 0.1708 0.5686 0.1000 0.1000
1.0000 0.1708 0.3626 0.1000 0.1000
1.0000 0.1708 0.1566 0.1000 0.1000
19.0000 0.5702 0.2345 0.0500 0.0500
19.0000 0.9006 0.7067 0.0500 0.0500
19.0000 0.7591 0.2734 0.0500 0.0500
19.0000 0.5702 0.4281 0.0500 0.0500
19.0000 0.5671 0.2187 0.0500 0.0500
6.0000 0.2541 0.6696 0.0500 0.0500
6.0000 0.4060 0.4129 0.0500 0.0500
6.0000 0.9198 0.7134 0.0500 0.0500
6.0000 0.2762 0.1829 0.0500 0.0500
6.0000 0.7209 0.5953 0.0500 0.0500
6.0000 0.8784 0.4490 0.0500 0.0500
11.0000 0.3142 0.2149 0.0500 0.0500
11.0000 0.6565 0.7298 0.0500 0.0500
11.0000 0.7470 0.3657 0.0500 0.0500
11.0000 0.3905 0.3588 0.0500 0.0500
11.0000 0.8980 0.2747 0.0500 0.0500
11.0000 0.4466 0.4174 0.0500 0.0500
11.0000 0.8693 0.6222 0.0500 0.0500
6.0000 0.8297 0.3110 0.0500 0.0500
6.0000 0.6311 0.2426 0.0500 0.0500
6.0000 0.4596 0.5887 0.0500 0.0500
6.0000 0.6082 0.6359 0.0500 0.0500
6.0000 0.2624 0.6005 0.0500 0.0500
6.0000 0.2642 0.6558 0.0500 0.0500
6.0000 0.8019 0.4157 0.0500 0.0500
