0.0000 0.2345 0.8072 0.1000 0.1000
0.0000 0.4041 0.8072 0.1000 0.1000
0.0000 0.5738 0.8072 0.1000 0.1000
0.0000 0.7434 0.8072 0.1000 0.1000
0.0000 0.9131 0.8072 0.1000 0.1000
1.0000 0.1708 0.7539 0.1000 0.1000
1.0000 0.1708 0.6314 0.1000 0.1000
1.0000 0.1708 0.5088 0.1000 0.1000
1.0000 0.1708 0.3863 0.1000 0.1000
1.0000 0.1708 0.2638 0.1000 0.1000
14.0000 0.3987 0.6122 0.0500 0.0500
14.0000 0.4747 0.6015 0.0500 0.0500
14.0000 0.4116 0.2832 0.0500 0.0500
14.0000 0.5405 0.2954 0.0500 0.0500
14.0000 0.8927 0.3046 0.0500 0.0500
14.0000 0.4340 0.5666 0.0500 0.0500
14.0000 0.7061 0.7298 0.0500 0.0500
10.0000 0.6138 0.3463 0.0500 0.0500
10.0000 0.7495 0.6929 0.0500 0.0500
10.0000 0.3810 0.6749 0.0500 0.0500
10.0000 0.6579 0.6588 0.0500 0.0500
10.0000 0.5378 0.2248 0.0500 0.0500
10.0000 0.2548 0.3193 0.0500 0.0500
2.0000 0.8317 0.4152 0.0500 0.0500
2.0000 0.7638 0.4259 0.0500 0.0500
2.0000 0.4604 0.4220 0.0500 0.0500
2.0000 0.3987 0.4696 0.0500 0.0500
2.0000 0.6192 0.2722 0.0500 0.0500
2.0000 0.4957 0.6046 0.0500 0.0500
2.0000 0.4469 0.1850 0.0500 0.0500
6.0000 0.6559 0.2145 0.0500 0.0500
6.0000 0.4672 0.6245 0.0500 0.0500
6.0000 0.4638 0.1829 0.0500 0.0500
6.0000 0.4998 0.4467 0.0500 0.0500
6.0000 0.2528 0.4889 0.0500 0.0500
6.0000 0.2616 0.2507 0.0500 0.0500
13.0000 0.6993 0.6494 0.0500 0.0500
13.0000 0.3844 0.4022 0.0500 0.0500
13.0000 0.7489 0.4917 0.0500 0.0500
13.0000 0.3749 0.3984 0.0500 0.0500
13.0000 0.4862 0.2534 0.0500 0.0500
13.0000 0.6525 0.6188 0.0500 0.0500
13.0000 0.6396 0.5052 0.0500 0.0500
