0.0000 0.3896 0.8072 0.1000 0.1000
0.0000 0.5644 0.8072 0.1000 0.1000
0.0000 0.7393 0.8072 0.1000 0.1000
0.0000 0.9142 0.8072 0.1000 0.1000
1.0000 0.1708 0.6468 0.1000 0.1000
1.0000 0.1708 0.5211 0.1000 0.1000
1.0000 0.1708 0.3954 0.1000 0.1000
1.0000 0.1708 0.2697 0.1000 0.1000
2.0000 0.7993 0.5335 0.0500 0.0500
2.0000 0.5307 0.4500 0.0500 0.0500
2.0000 0.8779 0.2936 0.0500 0.0500
2.0000 0.3163 0.3826 0.0500 0.0500
2.0000 0.3993 0.3982 0.0500 0.0500
2.0000 0.8033 0.3090 0.0500 0.0500
2.0000 0.2839 0.7072 0.0500 0.0500
2.0000 0.2863 0.5269 0.0500 0.0500
19.0000 0.9161 0.6375 0.0500 0.0500
19.0000 0.8766 0.4677 0.0500 0.0500
19.0000 0.2799 0.1829 0.0500 0.0500
19.0000 0.2964 0.3836 0.0500 0.0500
19.0000 0.4539 0.5980 0.0500 0.0500
19.0000 0.7236 0.5347 0.0500 0.0500
19.0000 0.2793 0.6460 0.0500 0.0500
4.0000 0.3148 0.3622 0.0500 0.0500
4.0000 0.4746 0.3220 0.0500 0.0500
4.0000 0.7673 0.5311 0.0500 0.0500
4.0000 0.2650 0.3159 0.0500 0.0500
4.0000 0.7621 0.1857 0.0500 0.0500
4.0000 0.2539 0.7043 0.0500 0.0500
4.0000 0.4449 0.4652 0.0500 0.0500
4.0000 0.4475 0.4398 0.0500 0.0500
13.0000 0.8468 0.2474 0.0500 0.0500
13.0000 0.3038 0.5761 0.0500 0.0500
13.0000 0.3496 0.4719 0.0500 0.0500
13.0000 0.8843 0.3773 0.0500 0.0500
13.0000 0.2770 0.5747 0.0500 0.0500
13.0000 0.7549 0.7298 0.0500 0.0500
