0.0000 0.2422 0.8072 0.1000 0.1000
0.0000 0.4045 0.8072 0.1000 0.1000
0.0000 0.5668 0.8072 0.1000 0.1000
0.0000 0.7290 0.8072 0.1000 0.1000
0.0000 0.8913 0.8072 0.1000 0.1000
1.0000 0.1708 0.6639 0.1000 0.1000
1.0000 0.1708 0.5268 0.1000 0.1000
1.0000 0.1708 0.3897 0.1000 0.1000
1.0000 0.1708 0.2526 0.1000 0.1000
20.0000 0.9166 0.2033 0.0500 0.0500
20.0000 0.5221 0.6444 0.0500 0.0500
20.0000 0.3414 0.6359 0.0500 0.0500
20.0000 0.5194 0.4086 0.0500 0.0500
20.0000 0.7798 0.5503 0.0500 0.0500
20.0000 0.5262 0.4487 0.0500 0.0500
10.0000 0.6923 0.5958 0.0500 0.0500
10.0000 0.4470 0.1829 0.0500 0.0500
10.0000 0.7024 0.4822 0.0500 0.0500
10.0000 0.8913 0.2181 0.0500 0.0500
10.0000 0.6398 0.6387 0.0500 0.0500
10.0000 0.2541 0.6864 0.0500 0.0500
11.0000 0.4650 0.4512 0.0500 0.0500
11.0000 0.5320 0.5705 0.0500 0.0500
11.0000 0.5161 0.4295 0.0500 0.0500
11.0000 0.8527 0.7298 0.0500 0.0500
11.0000 0.5883 0.4699 0.0500 0.0500
11.0000 0.8123 0.4254 0.0500 0.0500
8.0000 0.6735 0.5934 0.0500 0.0500
8.0000 0.8652 0.4038 0.0500 0.0500
8.0000 0.7519 0.1858 0.0500 0.0500
8.0000 0.8572 0.3203 0.0500 0.0500
8.0000 0.8241 0.5023 0.0500 0.0500
8.0000 0.4881 0.5339 0.0500 0.0500
8.0000 0.9198 0.4418 0.0500 0.0500
