0.0000 0.2409 0.8072 0.1000 0.1000
0.0000 0.4541 0.8072 0.1000 0.1000
0.0000 0.6674 0.8072 0.1000 0.1000
0.0000 0.8806 0.8072 0.1000 0.1000
1.0000 0.1708 0.5364 0.1000 0.1000
1.0000 0.1708 0.3070 0.1000 0.1000
7.0000 0.6516 0.4993 0.0500 0.0500
7.0000 0.8252 0.6912 0.0500 0.0500
7.0000 0.5658 0.2151 0.0500 0.0500
7.0000 0.7927 0.1940 0.0500 0.0500
7.0000 0.6473 0.7143 0.0500 0.0500
11.0000 0.7518 0.4591 0.0500 0.0500
11.0000 0.9198 0.6804 0.0500 0.0500
11.0000 0.4277 0.2389 0.0500 0.0500
11.0000 0.6030 0.5427 0.0500 0.0500
11.0000 0.8687 0.5712 0.0500 0.0500
11.0000 0.5420 0.3882 0.0500 0.0500
10.0000 0.2903 0.4089 0.0500 0.0500
10.0000 0.7134 0.6346 0.0500 0.0500
10.0000 0.8098 0.7298 0.0500 0.0500
10.0000 0.9019 0.6387 0.0500 0.0500
10.0000 0.2865 0.3813 0.0500 0.0500
10.0000 0.8542 0.3976 0.0500 0.0500
16.0000 0.5876 0.1829 0.0500 0.0500
16.0000 0.3650 0.4252 0.0500 0.0500
16.0000 0.6597 0.5676 0.0500 0.0500
16.0000 0.5339 0.3810 0.0500 0.0500
16.0000 0.4712 0.5127 0.0500 0.0500
16.0000 0.5445 0.5930 0.0500 0.0500
16.0000 0.7177 0.4570 0.0500 0.0500
17.0000 0.6874 0.2923 0.0500 0.0500
17.0000 0.8486 0.5243 0.0500 0.0500
17.0000 0.5458 0.2897 0.0500 0.0500
17.0000 0.3974 0.3720 0.0500 0.0500
17.0000 0.7271 0.2904 0.0500 0.0500
17.0000 0.4882 0.5638 0.0500 0.0500
17.0000 0.2848 0.5505 0.0500 0.0500
17.0000 0.2541 0.5672 0.0500 0.0500
