0.0000 0.2424 0.8072 0.1000 0.1000
0.0000 0.4477 0.8072 0.1000 0.1000
0.0000 0.6531 0.8072 0.1000 0.1000
0.0000 0.8584 0.8072 0.1000 0.1000
1.0000 0.1708 0.7556 0.1000 0.1000
1.0000 0.1708 0.6342 0.1000 0.1000
1.0000 0.1708 0.5129 0.1000 0.1000
1.0000 0.1708 0.3915 0.1000 0.1000
1.0000 0.1708 0.2702 0.1000 0.1000
8.0000 0.7097 0.7082 0.0500 0.0500
8.0000 0.6692 0.3226 0.0500 0.0500
8.0000 0.9198 0.6495 0.0500 0.0500
8.0000 0.7767 0.5783 0.0500 0.0500
8.0000 0.2623 0.1829 0.0500 0.0500
8.0000 0.6469 0.2045 0.0500 0.0500
10.0000 0.6481 0.5064 0.0500 0.0500
10.0000 0.6326 0.2720 0.0500 0.0500
10.0000 0.7127 0.7298 0.0500 0.0500
10.0000 0.7059 0.6241 0.0500 0.0500
7.0000 0.6099 0.2236 0.0500 0.0500
7.0000 0.2541 0.4365 0.0500 0.0500
7.0000 0.7502 0.3118 0.0500 0.0500
13.0000 0.7297 0.3687 0.0500 0.0500
13.0000 0.8799 0.5647 0.0500 0.0500
13.0000 0.3253 0.5360 0.0500 0.0500
13.0000 0.7416 0.6245 0.0500 0.0500
13.0000 0.7680 0.4493 0.0500 0.0500
