0.0000 0.2588 0.8072 0.1000 0.1000
0.0000 0.4026 0.8072 0.1000 0.1000
0.0000 0.5464 0.8072 0.1000 0.1000
0.0000 0.6902 0.8072 0.1000 0.1000
0.0000 0.8340 0.8072 0.1000 0.1000
1.0000 0.1845 0.5765 0.1000 0.1000
1.0000 0.1845 0.3694 0.1000 0.1000
1.0000 0.1845 0.1622 0.1000 0.1000
16.0000 0.6231 0.7091 0.0500 0.0500
16.0000 0.7932 0.6345 0.0500 0.0500
16.0000 0.5161 0.6967 0.0500 0.0500
16.0000 0.4166 0.7298 0.0500 0.0500
16.0000 0.7990 0.4729 0.0500 0.0500
7.0000 0.8925 0.5848 0.0500 0.0500
7.0000 0.5101 0.4854 0.0500 0.0500
7.0000 0.6895 0.6014 0.0500 0.0500
7.0000 0.2671 0.1829 0.0500 0.0500
7.0000 0.8975 0.6884 0.0500 0.0500
7.0000 0.8249 0.4937 0.0500 0.0500
17.0000 0.5981 0.4356 0.0500 0.0500
17.0000 0.3239 0.4647 0.0500 0.0500
17.0000 0.9205 0.4398 0.0500 0.0500
17.0000 0.2944 0.2741 0.0500 0.0500
18.0000 0.4352 0.5102 0.0500 0.0500
18.0000 0.9110 0.4315 0.0500 0.0500
18.0000 0.5426 0.6262 0.0500 0.0500
18.0000 0.2915 0.2699 0.0500 0.0500
18.0000 0.6942 0.7133 0.0500 0.0500
