0.0000 0.2511 0.8072 0.1000 0.1000
0.0000 0.4168 0.8072 0.1000 0.1000
0.0000 0.5826 0.8072 0.1000 0.1000
0.0000 0.7483 0.8072 0.1000 0.1000
0.0000 0.9141 0.8072 0.1000 0.1000
1.0000 0.1708 0.7537 0.1000 0.1000
1.0000 0.1708 0.6040 0.1000 0.1000
1.0000 0.1708 0.4543 0.1000 0.1000
1.0000 0.1708 0.3047 0.1000 0.1000
10.0000 0.6409 0.2646 0.0500 0.0500
10.0000 0.4082 0.4391 0.0500 0.0500
10.0000 0.7808 0.4333 0.0500 0.0500
10.0000 0.7914 0.6262 0.0500 0.0500
13.0000 0.7590 0.5091 0.0500 0.0500
13.0000 0.8180 0.6236 0.0500 0.0500
13.0000 0.5037 0.3741 0.0500 0.0500
13.0000 0.4758 0.7298 0.0500 0.0500
13.0000 0.2617 0.5028 0.0500 0.0500
19.0000 0.4805 0.2047 0.0500 0.0500
19.0000 0.2537 0.5558 0.0500 0.0500
19.0000 0.8458 0.5180 0.0500 0.0500
19.0000 0.3406 0.5360 0.0500 0.0500
19.0000 0.5945 0.5895 0.0500 0.0500
19.0000 0.2988 0.3520 0.0500 0.0500
8.0000 0.7477 0.4585 0.0500 0.0500
8.0000 0.8186 0.2380 0.0500 0.0500
8.0000 0.4507 0.1829 0.0500 0.0500
8.0000 0.5329 0.4656 0.0500 0.0500
8.0000 0.6569 0.4195 0.0500 0.0500
8.0000 0.5136 0.7055 0.0500 0.0500
8.0000 0.4042 0.3047 0.0500 0.0500
8.0000 0.5010 0.6461 0.0500 0.0500
8.0000 0.9128 0.2803 0.0500 0.0500
