0.0000 0.2369 0.8072 0.1000 0.1000
0.0000 0.4058 0.8072 0.1000 0.1000
0.0000 0.5747 0.8072 0.1000 0.1000
0.0000 0.7436 0.8072 0.1000 0.1000
0.0000 0.9126 0.8072 0.1000 0.1000
1.0000 0.1708 0.6866 0.1000 0.1000
1.0000 0.1708 0.5484 0.1000 0.1000
1.0000 0.1708 0.4102 0.1000 0.1000
1.0000 0.1708 0.2720 0.1000 0.1000
13.0000 0.4109 0.4645 0.0500 0.0500
13.0000 0.6354 0.2682 0.0500 0.0500
13.0000 0.8830 0.6239 0.0500 0.0500
13.0000 0.7364 0.4598 0.0500 0.0500
13.0000 0.3323 0.6513 0.0500 0.0500
13.0000 0.6999 0.2796 0.0500 0.0500
13.0000 0.8092 0.1987 0.0500 0.0500
13.0000 0.7109 0.5297 0.0500 0.0500
4.0000 0.6071 0.2004 0.0500 0.0500
4.0000 0.4636 0.5458 0.0500 0.0500
4.0000 0.6497 0.6651 0.0500 0.0500
4.0000 0.4749 0.3779 0.0500 0.0500
4.0000 0.3651 0.2581 0.0500 0.0500
4.0000 0.3747 0.5802 0.0500 0.0500
5.0000 0.5154 0.1841 0.0500 0.0500
5.0000 0.8849 0.3692 0.0500 0.0500
5.0000 0.8708 0.5310 0.0500 0.0500
5.0000 0.6321 0.2767 0.0500 0.0500
5.0000 0.8359 0.4331 0.0500 0.0500
5.0000 0.8431 0.5291 0.0500 0.0500
5.0000 0.2576 0.6131 0.0500 0.0500
5.0000 0.2524 0.6147 0.0500 0.0500
13.0000 0.3031 0.6536 0.0500 0.0500
13.0000 0.4521 0.3689 0.0500 0.0500
13.0000 0.5051 0.2803 0.0500 0.0500
13.0000 0.8210 0.7298 0.0500 0.0500
13.0000 0.5605 0.1839 0.0500 0.0500
13.0000 0.6480 0.5492 0.0500 0.0500
13.0000 0.7450 0.5907 0.0500 0.0500
13.0000 0.5877 0.1829 0.0500 0.0500
12.0000 0.5299 0.2822 0.0500 0.0500
12.0000 0.8183 0.4919 0.0500 0.0500
12.0000 0.4381 0.5791 0.0500 0.0500
12.0000 0.3151 0.6926 0.0500 0.0500
12.0000 0.3526 0.3278 0.0500 0.0500
12.0000 0.8816 0.2279 0.0500 0.0500
12.0000 0.6622 0.3486 0.0500 0.0500
12.0000 0.6551 0.5895 0.0500 0.0500
